"id","dt","2020101112","2020101115","2020101118","2020101121","2020101124","2020101203","2020101206","2020101209","2020101212","2020101215","2020101218","2020101221","2020101224","2020101303","2020101306","2020101309","2020101312","2020101315","2020101318","2020101321","2020101324"
"11001","2020/10/11 09:25","160","160","120","110","80","100","100","130","160","150","140","130","100","100","120","140","140","120","80","80","70"
"11016","2020/10/11 09:25","160","150","120","100","110","120","100","140","160","160","150","140","110","110","120","130","140","120","80","80","80"
"11046","2020/10/11 09:25","180","160","120","130","130","120","130","160","170","160","160","140","110","100","100","130","130","120","70","70","70"
"11076","2020/10/11 09:25","160","160","110","90","60","70","90","130","160","150","130","110","100","110","110","130","140","120","70","50","50"
"11121","2020/10/11 09:25","150","150","100","90","80","70","70","150","160","160","130","130","110","80","100","130","140","120","50","40","20"
"11151","2020/10/11 09:25","170","160","90","110","130","130","130","160","170","160","140","140","110","110","110","130","140","120","70","70","70"
"11176","2020/10/11 09:25","150","150","110","100","90","80","80","140","170","160","130","130","100","90","100","130","130","120","60","50","40"
"11206","2020/10/11 09:25","160","150","100","100","90","80","90","140","170","160","130","120","110","110","110","130","130","120","80","60","60"
"11276","2020/10/11 09:25","150","150","100","100","60","60","70","130","160","150","120","120","110","110","100","130","140","120","70","50","20"
"11291","2020/10/11 09:25","160","150","120","100","90","90","100","140","170","170","140","130","120","120","120","140","140","140","90","80","80"
"11316","2020/10/11 09:25","170","170","90","90","50","50","60","130","160","160","130","120","120","110","110","140","150","140","80","60","40"
"12011","2020/10/11 09:25","160","160","110","90","60","60","90","140","170","160","130","140","110","90","100","140","140","130","80","60","40"
"12041","2020/10/11 09:25","150","160","110","80","80","80","90","120","150","150","130","120","130","100","110","130","140","140","90","60","50"
"12141","2020/10/11 09:25","130","140","110","90","70","60","70","110","150","140","120","130","130","120","110","120","140","130","90","70","50"
"12181","2020/10/11 09:25","140","150","100","90","70","70","80","120","150","150","110","130","130","120","110","130","140","130","90","70","50"
"12231","2020/10/11 09:25","160","150","100","80","50","40","50","110","150","140","110","120","130","130","120","130","140","120","80","60","40"
"12261","2020/10/11 09:25","140","150","110","90","80","70","70","120","160","150","120","130","130","110","110","130","140","130","90","70","50"
"12266","2020/10/11 09:25","160","150","100","90","80","60","80","120","150","150","110","120","130","120","100","130","140","130","80","60","50"
"12301","2020/10/11 09:25","150","160","120","100","80","90","90","140","170","160","120","130","140","120","110","130","140","130","90","70","50"
"12386","2020/10/11 09:25","170","170","110","80","60","60","80","130","160","150","130","130","140","140","110","130","140","130","80","40","30"
"12396","2020/10/11 09:25","170","170","120","100","80","70","70","120","160","160","130","130","130","120","100","130","140","130","80","60","50"
"12411","2020/10/11 09:25","160","150","100","80","40","30","60","120","130","140","100","110","120","120","100","130","120","110","80","50","30"
"12442","2020/10/11 09:25","170","170","120","100","90","90","90","130","160","160","110","110","130","130","100","140","140","140","100","80","70"
"12451","2020/10/11 09:25","170","170","120","100","90","90","90","150","160","160","120","120","140","140","110","130","130","130","90","60","50"
"12512","2020/10/11 09:25","160","160","100","80","60","80","100","140","150","140","100","100","130","120","100","130","130","130","70","50","40"
"12551","2020/10/11 09:25","170","160","110","90","70","70","90","140","140","130","110","110","140","130","110","130","130","140","80","60","40"
"12596","2020/10/11 09:25","170","160","110","90","70","90","90","140","140","130","120","120","140","130","120","140","150","140","100","70","50"
"12626","2020/10/11 09:25","170","160","100","90","90","80","80","120","130","120","110","120","140","120","120","140","150","140","100","70","40"
"12632","2020/10/11 09:25","170","160","100","80","80","70","80","120","140","130","110","110","130","90","120","140","140","120","90","60","20"
"12691","2020/10/11 09:25","150","130","90","80","80","80","80","100","110","130","100","110","130","80","140","140","130","120","90","70","40"
"12746","2020/10/11 09:25","160","160","100","70","80","80","90","120","140","140","110","110","120","110","130","140","140","130","80","30","10"
"15041","2020/10/11 09:25","150","150","80","60","40","40","60","120","150","140","100","120","120","100","110","120","130","110","60","50","20"
"15076","2020/10/11 09:25","160","160","110","90","70","60","80","130","160","150","120","120","130","100","120","120","140","130","90","60","40"
"13061","2020/10/11 09:25","180","160","90","100","100","80","100","160","180","170","130","130","110","90","120","130","150","130","70","70","50"
"13086","2020/10/11 09:25","180","170","100","80","80","70","100","160","170","170","140","130","110","110","120","130","150","130","80","80","60"
"13121","2020/10/11 09:25","180","180","110","90","90","90","120","160","180","170","140","140","120","100","110","140","160","140","90","80","70"
"13146","2020/10/11 09:25","170","160","120","130","120","120","140","160","180","170","140","140","120","110","120","140","140","120","90","90","80"
"13181","2020/10/11 09:25","180","170","130","110","80","90","120","160","180","160","140","140","120","120","120","140","150","120","100","90","70"
"13261","2020/10/11 09:25","180","180","100","90","70","80","100","160","170","160","120","120","140","100","100","140","150","130","70","60","30"
"13277","2020/10/11 09:25","170","170","130","110","90","80","100","150","170","170","140","130","130","110","120","130","140","130","110","90","80"
"13311","2020/10/11 09:25","180","180","110","110","90","100","130","170","180","180","140","140","140","110","120","130","150","130","90","80","70"
"13321","2020/10/11 09:25","180","180","110","100","70","60","90","140","170","150","130","120","140","110","100","120","150","130","90","60","40"
"14026","2020/10/11 09:25","180","170","120","110","90","100","120","150","180","170","140","140","140","100","100","140","140","130","100","90","80"
"14071","2020/10/11 09:25","180","170","110","100","80","90","110","150","180","170","140","130","140","110","100","140","150","130","80","80","70"
"14101","2020/10/11 09:25","170","170","130","120","110","90","100","140","170","160","130","130","140","110","100","140","150","130","90","80","60"
"14116","2020/10/11 09:25","190","170","120","110","90","110","130","160","180","170","140","150","130","110","130","160","150","130","90","80","70"
"14121","2020/10/11 09:25","170","170","120","110","100","110","130","150","170","150","130","130","140","110","120","150","140","130","90","80","70"
"14136","2020/10/11 09:25","170","170","130","110","100","90","90","150","180","160","130","130","140","120","110","160","140","130","80","70","50"
"14163","2020/10/11 09:25","180","170","140","120","110","120","130","160","160","170","150","140","160","120","130","160","140","130","110","120","110"
"14206","2020/10/11 09:25","170","160","130","100","90","100","110","150","160","150","140","140","150","120","120","150","140","120","90","60","40"
"14286","2020/10/11 09:25","140","140","110","100","110","110","120","130","140","140","130","140","140","130","120","130","120","110","80","70","60"
"15116","2020/10/11 09:25","170","170","120","100","90","80","100","140","170","150","130","120","140","110","100","120","150","130","90","60","40"
"15161","2020/10/11 09:25","180","170","120","110","90","80","100","140","160","140","130","120","140","130","110","120","140","130","90","70","50"
"15231","2020/10/11 09:25","170","170","110","90","70","60","70","120","170","170","120","120","140","110","80","120","140","130","80","60","40"
"15241","2020/10/11 09:25","170","170","130","100","90","90","90","140","160","160","130","120","140","120","90","120","150","130","100","90","80"
"15251","2020/10/11 09:25","170","160","110","90","90","90","90","120","140","140","110","120","130","120","100","130","150","130","90","80","70"
"15311","2020/10/11 09:25","170","170","120","110","90","80","90","130","170","160","130","120","140","110","90","140","150","130","90","80","50"
"15321","2020/10/11 09:25","170","170","140","100","100","90","90","130","180","170","130","130","150","110","70","130","150","140","100","80","60"
"15356","2020/10/11 09:25","170","170","130","110","100","100","100","140","170","160","130","120","140","110","90","130","150","140","90","80","70"
"15431","2020/10/11 09:25","170","170","130","120","110","90","100","150","170","160","150","140","150","120","110","140","150","140","90","90","60"
"15442","2020/10/11 09:25","180","170","110","90","80","100","110","140","160","150","110","120","140","110","100","140","120","120","80","60","50"
"16026","2020/10/11 09:25","190","180","110","90","80","100","120","170","190","180","150","140","100","90","90","150","120","110","60","50","40"
"16061","2020/10/11 09:25","210","180","130","120","120","130","150","170","190","180","150","160","120","120","120","130","140","140","90","90","80"
"16076","2020/10/11 09:25","190","180","120","110","90","100","130","170","190","180","140","140","120","110","100","140","140","110","80","60","60"
"16091","2020/10/11 09:25","190","180","140","110","110","120","130","160","190","180","160","160","140","120","130","150","140","130","100","90","90"
"16156","2020/10/11 09:25","200","170","130","110","110","120","130","170","190","180","160","160","130","120","110","150","140","130","90","70","60"
"16206","2020/10/11 09:25","180","160","130","110","130","120","110","150","180","170","150","150","130","120","110","140","140","130","90","70","50"
"16217","2020/10/11 09:25","180","160","120","110","110","110","120","150","170","160","140","140","140","100","100","150","130","120","90","70","50"
"16252","2020/10/11 09:25","180","160","120","130","130","140","140","160","180","170","150","150","130","130","120","160","140","130","90","90","90"
"16281","2020/10/11 09:25","150","140","110","100","100","110","120","140","140","160","130","130","120","110","100","120","120","110","70","60","50"
"16286","2020/10/11 09:25","180","150","110","90","100","90","80","120","150","160","140","150","140","110","100","130","120","110","80","40","10"
"16321","2020/10/11 09:25","150","150","130","130","140","140","140","150","170","170","150","160","130","120","100","150","140","120","80","60","40"
"17036","2020/10/11 09:25","170","150","100","90","80","80","80","130","160","140","120","130","130","130","120","140","170","130","80","80","60"
"17076","2020/10/11 09:25","160","150","100","90","80","70","50","120","150","130","120","130","130","130","130","150","150","120","80","70","60"
"17091","2020/10/11 09:25","150","140","80","80","60","40","50","110","150","130","110","120","140","150","120","130","140","130","80","60","40"
"17112","2020/10/11 09:25","170","160","110","100","90","80","100","140","150","140","120","120","140","140","130","150","170","130","100","90","80"
"17166","2020/10/11 09:25","170","160","90","90","80","80","90","130","140","140","110","120","130","130","120","160","160","140","90","70","60"
"17196","2020/10/11 09:25","140","140","90","70","70","50","60","120","140","130","120","110","140","130","140","150","140","130","90","70","30"
"17246","2020/10/11 09:25","160","150","110","90","90","80","100","140","140","140","120","120","140","140","110","170","180","160","110","80","70"
"17306","2020/10/11 09:25","170","160","110","90","60","60","70","120","140","140","120","120","140","130","110","140","150","140","90","60","30"
"17316","2020/10/11 09:25","180","160","100","70","60","50","60","110","140","130","120","110","150","140","100","150","160","140","90","60","40"
"17341","2020/10/11 09:25","150","150","100","100","100","100","110","160","150","140","120","120","140","140","130","160","180","150","110","90","80"
"17351","2020/10/11 09:25","140","140","90","80","80","100","120","160","160","160","130","130","150","150","120","140","160","150","90","90","70"
"17482","2020/10/11 09:25","150","140","100","80","60","50","60","110","130","120","100","90","110","110","100","130","120","100","70","60","30"
"17501","2020/10/11 09:25","180","160","90","70","50","40","60","120","130","130","110","110","140","130","100","140","150","130","70","50","20"
"17521","2020/10/11 09:25","160","160","110","80","70","60","70","130","140","140","120","120","140","130","110","150","170","150","120","80","50"
"17546","2020/10/11 09:25","150","140","90","90","80","80","110","150","150","130","120","120","150","160","140","160","170","150","110","90","80"
"17561","2020/10/11 09:25","160","150","100","80","80","90","110","150","160","140","130","130","150","170","130","160","170","160","110","100","80"
"17596","2020/10/11 09:25","160","150","90","70","60","60","70","110","120","130","110","100","120","120","110","150","150","130","80","60","40"
"17607","2020/10/11 09:25","160","150","100","80","70","70","60","120","130","130","110","110","130","130","110","150","160","140","100","60","40"
"17631","2020/10/11 09:25","150","140","90","80","60","60","70","130","150","130","120","120","140","150","110","150","170","140","110","90","60"
"17717","2020/10/11 09:25","160","150","90","70","60","50","60","130","140","140","110","110","130","150","110","150","160","140","110","90","60"
"18038","2020/10/11 09:25","140","130","90","80","80","80","100","140","150","150","120","120","130","130","130","150","160","150","100","90","80"
"18136","2020/10/11 09:25","140","140","100","90","60","80","100","150","160","160","130","130","140","150","150","160","170","160","110","90","80"
"18161","2020/10/11 09:25","140","130","90","80","80","80","100","130","140","130","120","120","130","130","140","160","170","150","100","90","80"
"18171","2020/10/11 09:25","140","130","100","80","70","70","90","140","140","130","120","120","140","140","150","170","170","150","100","90","80"
"18256","2020/10/11 09:25","150","130","90","70","70","50","70","140","160","150","120","130","140","150","150","180","180","150","100","80","70"
"18273","2020/10/11 09:25","130","130","110","100","100","100","120","150","160","150","130","130","130","150","150","190","180","160","120","110","100"
"18281","2020/10/11 09:25","150","140","110","110","110","110","130","160","160","160","140","140","140","140","150","190","180","160","120","110","100"
"18311","2020/10/11 09:25","150","130","90","80","60","70","110","140","160","140","120","120","140","160","170","180","180","150","100","80","70"
"19021","2020/10/11 09:25","130","140","80","60","60","70","100","140","140","130","110","120","130","160","130","150","160","130","90","90","70"
"19051","2020/10/11 09:25","130","130","90","80","70","90","110","130","140","130","110","120","130","140","130","160","160","140","100","100","80"
"19076","2020/10/11 09:25","120","120","80","60","60","70","90","130","120","120","110","110","130","150","100","150","150","120","100","80","60"
"19151","2020/10/11 09:25","140","140","90","60","50","70","80","130","140","140","110","120","140","140","140","180","160","140","110","100","90"
"19191","2020/10/11 09:25","150","150","90","80","80","80","100","120","150","150","120","120","140","140","140","180","170","150","120","110","100"
"19261","2020/10/11 09:25","160","150","90","70","70","80","100","120","150","150","120","120","140","140","120","180","180","160","110","100","90"
"19311","2020/10/11 09:25","150","140","100","100","100","110","130","150","160","160","140","150","160","160","160","180","180","150","110","90","80"
"19376","2020/10/11 09:25","140","140","90","80","80","90","110","140","160","150","110","120","130","150","150","190","180","150","110","100","90"
"19416","2020/10/11 09:25","150","150","90","80","80","90","100","130","150","150","120","120","130","150","130","180","180","160","110","100","100"
"19432","2020/10/11 09:25","150","150","120","100","90","90","110","150","160","150","140","130","140","150","160","180","180","160","140","120","110"
"19451","2020/10/11 09:25","140","130","110","100","100","100","110","140","150","140","130","120","130","150","150","180","160","140","110","100","100"
"20146","2020/10/11 09:25","150","140","90","70","70","60","70","120","130","130","120","110","130","120","100","140","160","140","110","80","50"
"20186","2020/10/11 09:25","140","120","70","50","40","60","70","80","120","120","100","110","130","90","90","120","150","130","80","50","30"
"20266","2020/10/11 09:25","130","130","100","90","80","60","60","90","130","130","110","110","130","100","90","150","160","150","100","80","60"
"20276","2020/10/11 09:25","140","140","110","90","80","70","80","100","150","150","130","130","130","110","120","140","170","170","120","100","70"
"20341","2020/10/11 09:25","140","140","110","90","70","70","80","90","140","140","130","120","130","120","110","140","170","160","130","90","60"
"20356","2020/10/11 09:25","130","130","100","90","90","80","70","90","110","110","120","100","110","120","150","150","150","140","110","100","70"
"20361","2020/10/11 09:25","130","130","100","100","90","100","90","90","120","130","110","100","110","130","150","160","160","140","110","100","70"
"20371","2020/10/11 09:25","130","130","100","90","80","70","70","90","120","140","110","120","110","110","130","150","160","150","110","90","70"
"20421","2020/10/11 09:25","130","130","100","100","90","90","80","90","110","130","110","120","120","120","140","160","170","160","120","100","70"
"20432","2020/10/11 09:25","140","140","110","110","100","90","80","90","120","150","120","120","120","130","140","160","170","150","120","120","100"
"20441","2020/10/11 09:25","140","150","100","80","80","80","80","90","140","150","110","110","110","100","120","150","170","160","110","100","70"
"20506","2020/10/11 09:25","150","140","110","100","90","90","100","120","150","150","130","120","120","120","130","160","170","160","110","100","80"
"20556","2020/10/11 09:25","140","140","90","90","80","80","70","90","150","150","120","110","100","90","110","150","170","150","100","80","50"
"20601","2020/10/11 09:25","120","120","90","80","80","70","80","80","120","130","100","110","120","100","90","150","160","150","100","70","40"
"20606","2020/10/11 09:25","130","130","100","90","90","80","80","80","130","130","110","120","120","110","110","150","160","150","110","80","60"
"20631","2020/10/11 09:25","150","140","110","100","110","110","130","140","150","160","130","130","130","130","120","150","180","160","110","90","70"
"20696","2020/10/11 09:25","130","130","100","80","80","80","80","100","140","140","120","120","130","110","70","140","170","160","100","60","30"
"20751","2020/10/11 09:25","140","130","120","100","90","100","100","110","150","150","130","120","130","130","120","160","170","170","110","80","60"
"21111","2020/10/11 09:25","170","170","120","100","80","70","110","160","170","160","140","160","160","110","110","160","150","140","100","80","50"
"21126","2020/10/11 09:25","170","170","110","90","70","80","90","120","160","150","120","120","130","120","130","150","160","140","100","70","40"
"21161","2020/10/11 09:25","150","140","100","90","90","110","120","130","150","160","130","140","130","110","90","120","130","110","60","40","20"
"21171","2020/10/11 09:25","150","150","120","110","110","120","120","140","150","150","140","150","130","120","110","150","130","120","90","60","50"
"21187","2020/10/11 09:25","160","160","140","120","130","130","130","150","170","160","160","150","160","140","130","160","160","140","120","90","70"
"21226","2020/10/11 09:25","180","160","130","130","140","130","140","170","170","180","170","170","150","130","110","160","150","130","90","80","60"
"21261","2020/10/11 09:25","160","160","130","120","120","120","130","160","170","170","160","160","150","130","110","160","150","140","110","90","80"
"21276","2020/10/11 09:25","170","170","110","90","80","90","120","160","170","160","140","140","160","120","110","140","150","140","90","70","50"
"21297","2020/10/11 09:25","180","170","140","130","140","130","140","170","180","170","160","170","150","130","100","150","150","140","100","80","60"
"21312","2020/10/11 09:25","150","150","110","110","110","120","130","140","160","150","140","140","130","120","90","150","150","130","80","70","60"
"21323","2020/10/11 09:25","160","150","130","130","130","140","150","170","180","160","150","160","150","140","120","160","160","140","110","100","100"
"22036","2020/10/11 09:25","170","160","110","80","80","80","90","130","150","150","120","110","120","110","120","140","140","130","90","50","40"
"22141","2020/10/11 09:25","170","170","120","100","100","100","130","160","170","170","140","140","160","130","130","150","160","150","110","90","70"
"22156","2020/10/11 09:25","180","170","100","70","70","80","90","130","160","160","130","130","140","120","120","160","170","150","100","80","40"
"22241","2020/10/11 09:25","170","170","110","100","110","120","130","160","170","170","140","140","150","140","140","160","170","160","110","90","70"
"22291","2020/10/11 09:25","180","160","100","90","90","100","130","150","170","160","140","140","130","110","130","170","170","160","90","60","40"
"22306","2020/10/11 09:25","170","150","100","80","70","90","100","130","160","160","120","120","120","110","120","140","180","160","80","50","40"
"22327","2020/10/11 09:25","160","160","110","110","100","100","120","150","170","170","140","130","150","140","140","160","170","160","100","90","80"
"22391","2020/10/11 09:25","140","140","120","120","110","120","130","140","160","150","140","150","160","150","140","160","170","160","120","110","100"
"23031","2020/10/11 09:25","160","150","130","130","130","150","160","160","180","180","150","160","130","130","110","160","140","130","80","80","60"
"23086","2020/10/11 09:25","170","170","140","130","130","130","130","160","180","180","150","150","140","120","100","160","150","140","90","70","70"
"23166","2020/10/11 09:25","170","160","130","120","120","130","150","170","180","170","160","160","150","130","110","140","140","120","80","80","70"
"23206","2020/10/11 09:25","170","160","130","130","140","140","150","160","170","160","150","150","140","130","120","150","160","140","90","80","70"
"23226","2020/10/11 09:25","180","160","140","130","140","140","150","170","170","170","160","160","140","140","120","150","150","140","90","80","70"
"23232","2020/10/11 09:25","180","160","140","140","140","150","150","150","180","180","150","160","150","140","120","150","150","140","100","80","80"
"23326","2020/10/11 09:25","180","170","140","140","140","150","160","160","170","180","160","160","140","140","110","150","160","150","100","90","70"
"23376","2020/10/11 09:25","190","170","150","150","150","160","160","170","200","190","170","170","150","140","120","150","160","150","110","100","90"
"24141","2020/10/11 09:25","180","170","150","150","140","150","160","170","180","190","170","180","140","120","110","140","140","140","90","90","80"
"24041","2020/10/11 09:25","180","170","140","130","130","140","150","170","180","180","160","150","130","120","110","150","160","140","100","80","70"
"24051","2020/10/11 09:25","160","160","130","130","130","140","140","170","190","190","150","140","130","110","100","150","150","130","80","70","50"
"24101","2020/10/11 09:25","200","200","160","160","160","170","170","170","190","190","170","170","160","140","130","150","160","150","110","100","100"
"24201","2020/10/11 09:25","180","150","130","130","140","130","120","150","180","180","160","160","140","130","100","140","150","130","80","60","60"
"24217","2020/10/11 09:25","190","180","150","160","160","150","150","170","180","180","180","170","150","140","120","160","170","150","110","100","90"
"31001","2020/10/11 09:25","170","160","140","130","130","140","150","170","190","190","170","160","150","160","130","160","160","160","120","100","100"
"31111","2020/10/11 09:25","170","160","140","150","150","160","150","170","170","170","160","150","130","130","130","160","170","150","100","90","70"
"31121","2020/10/11 09:25","170","160","170","160","170","180","170","170","170","170","180","180","140","140","140","170","180","160","110","90","80"
"31136","2020/10/11 09:25","170","160","140","140","140","140","150","170","180","190","160","150","150","140","130","150","150","140","90","90","90"
"31156","2020/10/11 09:25","170","160","150","150","150","160","160","170","170","170","160","150","130","140","130","160","160","140","100","100","90"
"31186","2020/10/11 09:25","180","170","150","160","160","160","160","180","190","200","160","150","150","150","130","150","160","160","110","100","90"
"31201","2020/10/11 09:25","170","160","150","150","160","160","160","180","190","190","170","150","140","140","140","160","170","150","100","90","80"
"31296","2020/10/11 09:25","200","190","150","150","150","150","150","180","210","200","180","170","160","160","150","150","160","150","120","110","90"
"31312","2020/10/11 09:25","190","180","150","150","150","160","140","180","200","200","180","170","160","160","160","160","160","150","130","120","100"
"31332","2020/10/11 09:25","160","150","150","150","150","150","150","170","170","170","160","150","150","150","150","160","160","150","120","110","90"
"31336","2020/10/11 09:25","160","150","140","140","140","140","150","160","160","160","150","150","140","140","150","160","160","140","100","100","90"
"31366","2020/10/11 09:25","190","180","150","140","130","140","150","180","210","190","160","160","160","150","140","150","160","140","110","100","100"
"31436","2020/10/11 09:25","210","190","140","140","140","140","130","180","210","190","150","160","160","140","130","140","160","140","100","90","90"
"31461","2020/10/11 09:25","200","180","150","140","150","140","130","180","210","200","170","150","150","150","140","150","160","140","130","100","90"
"31466","2020/10/11 09:25","200","180","150","140","140","130","130","180","210","200","170","150","140","150","140","160","150","140","120","100","80"
"31482","2020/10/11 09:25","110","110","110","110","110","110","110","140","150","160","140","130","110","100","90","90","80","70","50","50","40"
"31506","2020/10/11 09:25","160","150","140","140","140","140","140","170","170","170","160","160","150","140","140","160","180","170","110","110","90"
"31586","2020/10/11 09:25","160","150","140","140","140","130","130","160","180","170","160","150","150","140","130","150","170","150","110","100","80"
"31602","2020/10/11 09:25","170","160","150","140","140","140","150","170","180","170","160","160","160","140","140","160","180","160","120","110","100"
"31646","2020/10/11 09:25","190","170","130","130","130","120","120","170","200","190","160","160","150","130","130","150","140","130","100","80","60"
"31662","2020/10/11 09:25","150","140","130","120","120","120","120","150","180","170","140","130","140","140","130","130","130","120","90","80","80"
"31721","2020/10/11 09:25","160","150","140","140","150","150","140","150","180","180","160","150","160","150","140","160","170","150","110","100","80"
"32056","2020/10/11 09:25","210","200","160","160","170","150","160","200","210","190","160","170","170","150","140","160","160","150","110","110","110"
"32111","2020/10/11 09:25","200","190","160","160","160","150","160","190","220","200","170","170","180","160","140","160","170","150","130","110","100"
"32126","2020/10/11 09:25","210","190","150","150","150","150","140","170","210","200","180","170","170","150","140","150","160","150","120","100","80"
"32136","2020/10/11 09:25","190","180","150","140","140","140","140","170","210","210","170","170","170","150","150","160","160","150","120","100","70"
"32146","2020/10/11 09:25","180","160","140","140","140","130","120","140","180","190","160","160","160","150","140","150","150","140","120","100","70"
"32206","2020/10/11 09:25","170","160","140","140","140","140","130","160","180","170","150","160","160","150","140","140","150","140","100","100","80"
"32266","2020/10/11 09:25","150","140","130","120","130","120","110","160","180","170","130","140","140","120","110","120","120","120","90","70","50"
"32286","2020/10/11 09:25","210","200","140","130","140","130","140","180","200","190","160","160","160","140","120","150","160","150","90","70","60"
"32287","2020/10/11 09:25","210","210","160","150","150","150","140","190","210","200","170","170","180","170","140","160","170","160","110","90","80"
"32296","2020/10/11 09:25","210","210","160","150","150","140","140","180","210","200","180","180","160","150","120","150","170","150","100","90","70"
"32311","2020/10/11 09:25","200","190","140","130","140","120","120","170","190","190","160","150","150","140","120","160","150","140","110","90","80"
"32402","2020/10/11 09:25","210","200","170","160","160","160","160","200","200","190","190","190","180","160","140","160","170","160","120","120","100"
"32407","2020/10/11 09:25","210","190","150","140","150","140","140","190","200","190","170","170","150","140","120","160","160","150","110","90","70"
"32466","2020/10/11 09:25","220","190","150","140","150","140","140","190","210","200","160","160","160","140","130","160","170","160","120","110","90"
"32476","2020/10/11 09:25","210","180","150","150","150","150","140","180","200","190","160","160","150","140","130","150","150","140","120","100","70"
"32496","2020/10/11 09:25","210","190","150","150","150","150","150","180","200","190","170","170","170","150","130","140","160","140","110","100","80"
"32551","2020/10/11 09:25","220","200","170","170","160","170","150","190","210","210","180","180","170","160","150","160","170","160","130","120","100"
"32571","2020/10/11 09:25","230","200","170","170","170","160","150","190","200","190","180","180","170","160","130","160","180","170","120","110","90"
"32581","2020/10/11 09:25","210","190","160","150","160","150","150","180","210","200","170","170","160","150","140","150","160","150","120","90","80"
"32596","2020/10/11 09:25","220","190","160","160","160","160","150","190","210","200","180","180","170","160","150","150","170","160","140","120","110"
"32616","2020/10/11 09:25","230","210","170","170","160","160","140","200","200","200","190","170","180","170","150","170","170","160","140","130","120"
"32626","2020/10/11 09:25","210","190","160","150","150","150","140","180","200","200","170","170","160","150","130","150","150","150","120","110","90"
"32691","2020/10/11 09:25","200","180","160","150","150","140","140","190","210","200","180","160","160","160","150","160","170","160","130","120","100"
"32771","2020/10/11 09:25","190","180","150","150","150","140","140","180","190","190","170","160","140","140","130","140","150","140","110","100","90"
"33006","2020/10/11 09:25","160","160","150","140","150","140","150","160","160","160","150","150","140","140","130","160","180","160","100","100","90"
"33026","2020/10/11 09:25","170","150","140","140","150","140","150","170","170","170","160","140","150","140","130","160","160","150","110","90","70"
"33071","2020/10/11 09:25","160","140","140","140","140","140","140","150","170","180","150","140","160","150","140","150","170","140","110","90","70"
"33136","2020/10/11 09:25","150","150","140","150","140","150","150","160","170","170","160","140","150","140","130","160","170","150","110","100","70"
"33146","2020/10/11 09:25","160","150","140","140","150","140","150","170","170","170","160","150","140","140","130","170","190","170","120","100","80"
"33166","2020/10/11 09:25","150","140","140","140","140","130","120","160","170","170","150","150","160","150","140","140","150","140","110","90","70"
"33176","2020/10/11 09:25","150","140","130","130","130","120","120","160","160","160","140","140","150","140","120","140","150","130","100","80","60"
"33186","2020/10/11 09:25","150","150","130","130","130","130","130","150","160","160","150","140","140","140","120","140","150","140","100","80","50"
"33206","2020/10/11 09:25","160","150","140","140","140","120","130","160","170","170","160","150","140","120","110","170","200","180","110","100","80"
"33226","2020/10/11 09:25","170","160","140","140","140","130","120","160","180","180","150","160","160","140","130","140","160","150","130","100","70"
"33296","2020/10/11 09:25","180","180","150","150","140","130","140","170","180","190","160","160","170","150","140","160","170","160","140","110","80"
"33326","2020/10/11 09:25","160","150","140","140","140","140","140","140","170","170","160","150","140","130","120","160","180","180","130","110","100"
"33336","2020/10/11 09:25","170","160","170","160","140","140","150","160","180","180","170","170","150","140","140","170","200","190","130","120","110"
"33371","2020/10/11 09:25","150","140","130","130","120","100","120","150","160","170","140","140","150","110","90","130","130","120","90","50","30"
"33421","2020/10/11 09:25","170","160","140","130","130","130","140","160","180","180","160","150","160","150","140","150","160","150","140","100","70"
"33431","2020/10/11 09:25","190","180","150","150","140","140","130","160","180","180","160","160","160","160","140","160","170","170","150","130","100"
"33441","2020/10/11 09:25","150","140","120","120","120","110","120","150","160","160","130","140","140","130","100","120","120","120","80","70","50"
"33472","2020/10/11 09:25","160","160","150","140","140","130","140","160","180","180","160","150","150","150","140","170","190","180","150","120","110"
"33486","2020/10/11 09:25","160","150","130","130","130","130","130","160","170","170","140","140","140","140","130","140","140","140","110","90","70"
"33501","2020/10/11 09:25","200","190","150","150","150","130","130","170","190","200","160","160","160","160","140","170","180","170","140","120","100"
"33526","2020/10/11 09:25","150","150","130","130","140","150","150","160","180","180","160","140","150","150","140","150","180","170","130","120","110"
"33581","2020/10/11 09:25","180","180","160","150","150","150","140","180","190","190","160","160","160","150","140","170","180","180","130","110","90"
"33616","2020/10/11 09:25","170","170","160","150","140","140","150","170","190","190","170","170","170","150","150","180","200","190","140","130","120"
"33631","2020/10/11 09:25","190","170","150","150","140","130","130","150","180","170","160","160","150","150","140","150","140","140","120","110","90"
"33671","2020/10/11 09:25","180","160","150","140","140","140","140","150","180","170","160","150","150","150","150","150","170","170","130","110","90"
"33716","2020/10/11 09:25","180","180","160","160","150","150","140","170","200","190","170","170","160","170","160","170","180","170","150","140","120"
"33751","2020/10/11 09:25","180","180","170","150","150","150","150","170","200","200","180","170","170","160","160","180","200","200","150","140","130"
"33776","2020/10/11 09:25","180","180","150","150","140","140","150","170","190","190","170","160","160","160","160","160","180","170","130","120","110"
"33781","2020/10/11 09:25","180","180","160","160","150","150","150","180","200","200","170","160","160","170","170","170","190","170","140","130","110"
"33801","2020/10/11 09:25","180","170","160","150","150","150","150","170","180","180","170","170","170","160","150","170","190","180","140","130","120"
"33877","2020/10/11 09:25","190","180","170","160","140","150","150","180","200","200","180","180","170","170","150","180","190","180","140","130","120"
"33911","2020/10/11 09:25","180","180","160","160","150","150","150","190","190","190","170","170","160","160","160","170","190","180","150","130","110"
"33921","2020/10/11 09:25","180","180","160","150","150","150","150","180","190","190","170","160","160","160","150","170","170","170","130","110","110"
"34012","2020/10/11 09:25","150","150","140","130","140","140","140","160","170","170","150","140","130","140","130","140","150","140","100","100","90"
"34026","2020/10/11 09:25","180","170","160","150","150","150","160","180","190","190","170","170","170","160","160","170","190","180","140","130","110"
"34096","2020/10/11 09:25","170","170","160","160","160","150","150","170","190","190","170","160","150","150","150","180","180","180","130","120","110"
"34111","2020/10/11 09:25","190","180","160","160","160","150","150","180","200","200","170","160","160","150","150","180","190","190","130","120","110"
"34171","2020/10/11 09:25","190","200","170","160","150","150","150","200","200","210","180","170","160","160","160","180","200","190","130","120","110"
"34186","2020/10/11 09:25","180","180","170","160","160","160","170","190","190","190","180","170","170","160","160","180","190","180","140","130","120"
"34216","2020/10/11 09:25","180","190","160","160","160","150","150","180","200","200","180","170","160","160","160","180","190","180","130","120","110"
"34266","2020/10/11 09:25","170","180","170","160","160","150","150","180","190","190","180","170","160","150","160","180","190","180","130","120","110"
"34276","2020/10/11 09:25","190","190","170","160","160","160","160","180","200","200","180","170","160","150","160","180","200","180","140","120","110"
"34292","2020/10/11 09:25","200","190","170","160","160","160","170","190","190","180","180","180","170","160","160","180","190","190","140","130","120"
"34311","2020/10/11 09:25","160","160","160","150","140","150","150","170","180","190","170","150","140","150","150","170","170","170","120","100","90"
"34331","2020/10/11 09:25","180","190","170","160","160","160","160","180","190","180","180","170","160","160","160","180","190","180","140","130","130"
"34361","2020/10/11 09:25","190","190","160","160","160","170","170","190","200","200","180","180","180","170","170","180","190","180","150","140","130"
"34392","2020/10/11 09:25","190","190","180","170","170","170","170","190","210","190","190","190","170","170","180","190","200","190","150","140","140"
"34461","2020/10/11 09:25","170","180","160","150","150","140","140","170","190","200","180","170","160","160","160","180","190","190","140","130","120"
"34462","2020/10/11 09:25","170","180","160","160","160","150","140","170","210","190","180","170","160","160","160","180","190","190","130","120","110"
"34471","2020/10/11 09:25","190","190","170","170","170","160","170","180","190","200","180","180","170","170","170","190","190","190","140","140","130"
"34506","2020/10/11 09:25","190","190","170","170","160","160","160","180","190","200","190","170","170","160","160","180","200","200","150","130","120"
"35002","2020/10/11 09:25","200","190","180","170","180","180","180","190","190","190","190","170","170","160","140","160","180","170","120","120","110"
"35052","2020/10/11 09:25","220","210","180","180","170","170","170","190","210","210","200","180","170","160","140","160","180","170","150","120","110"
"35071","2020/10/11 09:25","180","180","160","150","140","140","130","160","190","190","170","160","160","150","140","150","160","160","140","120","100"
"35116","2020/10/11 09:25","190","180","160","160","150","140","130","170","200","200","170","170","160","150","140","150","170","160","130","120","100"
"35141","2020/10/11 09:25","230","210","180","180","170","170","160","200","220","220","200","180","170","170","150","160","180","170","150","130","120"
"35146","2020/10/11 09:25","210","200","170","170","170","170","170","180","200","200","190","170","170","160","150","150","180","170","140","120","120"
"35162","2020/10/11 09:25","190","190","160","160","170","160","160","180","210","210","180","170","160","160","150","160","180","170","150","130","120"
"35176","2020/10/11 09:25","180","180","160","160","160","150","150","170","200","200","180","160","150","160","150","170","160","160","130","120","110"
"35216","2020/10/11 09:25","160","160","150","150","140","130","130","160","180","180","160","140","140","140","130","140","150","140","120","110","90"
"35231","2020/10/11 09:25","180","180","160","160","160","150","150","180","200","200","180","170","160","160","150","160","170","160","140","130","110"
"35246","2020/10/11 09:25","220","220","180","170","170","160","160","200","210","220","190","170","170","170","150","170","190","190","150","130","130"
"35332","2020/10/11 09:25","190","190","160","160","150","150","150","170","200","210","190","160","170","170","150","170","190","180","150","140","120"
"35361","2020/10/11 09:25","160","160","150","160","140","140","140","150","180","180","150","140","140","140","130","140","160","150","120","110","100"
"35376","2020/10/11 09:25","180","180","160","150","150","140","140","170","190","200","180","160","160","160","150","160","180","170","140","130","110"
"35426","2020/10/11 09:25","200","200","170","170","160","160","150","170","190","200","190","170","170","170","170","180","200","180","160","150","130"
"35456","2020/10/11 09:25","170","180","160","150","160","150","160","180","200","200","180","170","170","170","160","160","190","180","150","140","120"
"35486","2020/10/11 09:25","180","190","160","150","150","150","150","160","200","210","180","170","160","160","150","170","170","170","140","130","110"
"35511","2020/10/11 09:25","190","200","170","170","170","160","160","180","200","210","180","170","170","170","160","170","180","180","140","130","120"
"35541","2020/10/11 09:25","170","180","160","160","150","150","150","170","200","200","170","170","170","160","160","170","170","160","140","120","120"
"35552","2020/10/11 09:25","180","190","170","160","160","160","150","170","200","200","180","170","170","180","170","170","180","180","150","140","130"
"36056","2020/10/11 09:25","170","170","170","160","160","160","160","170","200","190","170","160","160","160","170","170","170","170","130","120","110"
"36066","2020/10/11 09:25","180","180","170","170","170","160","160","170","200","210","190","180","170","170","180","190","200","200","160","140","120"
"36106","2020/10/11 09:25","170","160","140","140","140","140","130","150","190","180","150","140","140","140","130","140","130","130","100","80","80"
"36126","2020/10/11 09:25","180","190","180","170","170","170","160","180","200","210","200","190","180","190","190","190","200","190","170","160","140"
"36151","2020/10/11 09:25","190","190","180","170","160","160","170","190","180","190","190","170","160","160","160","200","200","200","150","140","130"
"36176","2020/10/11 09:25","210","200","170","160","150","150","150","180","210","210","180","170","170","160","170","180","200","190","150","120","110"
"36196","2020/10/11 09:25","120","120","110","110","110","110","120","120","140","150","140","140","130","120","120","110","100","100","80","80","70"
"36221","2020/10/11 09:25","160","160","160","160","160","160","170","170","180","190","170","160","150","130","140","170","170","170","120","100","90"
"36251","2020/10/11 09:25","210","190","160","150","150","150","150","170","210","210","170","170","160","160","160","180","180","170","140","130","130"
"36276","2020/10/11 09:25","190","180","150","150","150","150","150","170","190","200","170","160","160","160","150","160","160","150","130","120","110"
"36291","2020/10/11 09:25","180","180","160","160","160","160","160","180","190","200","190","180","180","180","170","180","190","190","160","140","130"
"36342","2020/10/11 09:25","190","180","160","140","140","140","140","160","200","200","170","160","150","150","150","160","180","170","150","130","130"
"36361","2020/10/11 09:25","200","200","170","170","160","160","150","170","200","210","180","180","180","170","170","180","200","190","150","140","130"
"36391","2020/10/11 09:25","180","170","150","150","150","150","150","170","190","200","170","160","160","160","150","170","180","180","130","110","120"
"36411","2020/10/11 09:25","180","180","170","170","180","170","180","190","190","200","180","180","170","160","170","200","210","200","150","130","130"
"36426","2020/10/11 09:25","220","210","160","150","150","150","140","160","210","200","160","160","160","160","150","160","160","160","150","140","140"
"36476","2020/10/11 09:25","180","180","160","150","150","160","160","180","200","210","190","180","170","170","160","190","190","190","150","140","140"
"36501","2020/10/11 09:25","160","170","160","150","160","160","160","170","190","200","170","160","150","140","130","170","180","180","130","120","110"
"36536","2020/10/11 09:25","180","170","160","150","150","150","150","160","200","200","170","160","150","150","150","160","170","160","140","130","130"
"36562","2020/10/11 09:25","150","150","140","140","140","140","150","160","170","180","150","130","140","140","140","150","150","140","120","110","110"
"36591","2020/10/11 09:25","180","180","160","160","150","150","150","180","200","200","180","170","160","150","140","170","180","170","140","110","110"
"36611","2020/10/11 09:25","190","190","170","170","170","170","170","190","210","220","180","180","170","170","170","200","210","200","160","140","140"
"36641","2020/10/11 09:25","150","160","150","140","140","140","140","160","190","190","160","140","150","140","140","160","160","170","130","120","120"
"36667","2020/10/11 09:25","170","170","150","150","150","150","160","180","190","200","190","180","170","160","160","180","190","180","140","140","130"
"36676","2020/10/11 09:25","180","180","160","160","160","160","150","190","210","210","180","170","170","170","160","190","200","190","150","140","140"
"36716","2020/10/11 09:25","190","180","140","140","130","140","120","150","180","170","150","130","130","130","130","140","140","140","120","110","100"
"36821","2020/10/11 09:25","170","180","170","160","160","160","160","190","210","200","180","170","160","170","160","190","190","190","150","140","130"
"36836","2020/10/11 09:25","190","190","180","170","170","170","170","200","230","220","190","180","170","170","160","200","210","200","160","150","140"
"36846","2020/10/11 09:25","200","200","180","180","180","180","180","200","220","220","190","190","190","170","170","210","220","210","170","150","150"
"40046","2020/10/11 09:25","190","190","180","170","170","170","160","190","220","210","180","170","160","150","160","200","210","210","160","140","140"
"40061","2020/10/11 09:25","200","190","170","170","170","160","160","190","210","210","180","180","170","170","170","190","200","190","150","150","140"
"40091","2020/10/11 09:25","200","210","170","170","160","160","160","200","220","210","190","180","170","170","160","200","200","190","160","150","140"
"40136","2020/10/11 09:25","210","200","180","180","170","180","180","200","220","200","190","190","190","190","180","220","220","200","180","160","150"
"40191","2020/10/11 09:25","210","200","180","170","170","170","170","200","220","210","190","190","170","170","170","210","200","190","180","150","140"
"40201","2020/10/11 09:25","210","200","180","180","180","170","170","210","220","210","190","200","180","170","170","210","220","200","180","160","140"
"40221","2020/10/11 09:25","210","210","190","180","180","170","180","200","210","210","210","200","190","190","190","210","210","210","190","190","170"
"40231","2020/10/11 09:25","210","200","190","180","180","170","170","200","220","220","200","200","180","180","170","210","200","200","190","180","160"
"40281","2020/10/11 09:25","210","210","190","180","180","170","170","200","220","220","200","200","190","180","180","200","200","200","190","180","160"
"40311","2020/10/11 09:25","220","200","190","190","180","170","180","200","210","210","190","180","170","160","160","210","210","200","170","160","140"
"40336","2020/10/11 09:25","220","210","190","190","180","180","180","200","230","220","190","190","180","170","180","210","210","200","180","170","150"
"40341","2020/10/11 09:25","210","210","190","190","190","180","180","210","220","220","200","200","190","180","180","210","210","210","180","170","160"
"40406","2020/10/11 09:25","230","220","200","200","200","190","190","210","220","210","210","200","200","190","190","210","220","210","190","190","170"
"40426","2020/10/11 09:25","230","220","190","190","180","180","170","210","220","210","200","190","180","170","170","210","210","200","180","170","150"
"41011","2020/10/11 09:25","150","150","140","140","140","140","140","160","180","180","150","160","150","140","140","160","160","150","130","120","110"
"41076","2020/10/11 09:25","170","160","150","140","150","140","140","160","180","180","160","150","150","150","150","160","160","160","140","130","130"
"41091","2020/10/11 09:25","190","180","160","150","150","150","150","180","200","200","180","170","160","170","170","190","200","190","160","150","140"
"41116","2020/10/11 09:25","170","180","140","130","140","150","140","160","170","180","150","130","130","130","120","150","170","170","120","110","110"
"41141","2020/10/11 09:25","190","190","170","170","170","170","170","200","210","210","190","190","180","180","170","200","200","190","160","160","150"
"41166","2020/10/11 09:25","160","150","130","120","120","120","120","130","140","150","130","130","130","120","110","130","140","140","110","110","100"
"41171","2020/10/11 09:25","200","180","160","160","160","160","160","170","180","190","170","170","170","170","160","190","180","180","160","150","150"
"41181","2020/10/11 09:25","210","200","170","160","160","160","160","190","200","210","180","180","170","160","160","200","180","180","160","160","150"
"41247","2020/10/11 09:25","200","200","180","170","170","160","160","190","210","210","190","190","170","170","170","190","200","200","160","160","150"
"41271","2020/10/11 09:25","210","200","180","170","170","170","160","190","200","200","190","190","180","180","170","200","200","210","170","160","160"
"41277","2020/10/11 09:25","200","210","180","180","180","170","170","200","210","210","200","200","190","180","180","200","200","220","190","170","170"
"41331","2020/10/11 09:25","210","200","180","180","170","170","170","190","220","200","200","190","180","180","170","190","190","200","180","160","150"
"41361","2020/10/11 09:25","230","210","190","190","190","190","190","200","220","220","210","200","190","180","180","210","230","210","200","190","180"
"41376","2020/10/11 09:25","210","210","190","180","180","180","180","200","210","210","200","200","190","180","180","220","210","200","190","170","160"
"42046","2020/10/11 09:25","210","200","150","150","150","140","140","160","190","190","160","160","150","150","150","160","170","160","140","130","120"
"42091","2020/10/11 09:25","210","210","160","160","160","150","160","170","190","200","170","170","170","160","160","170","190","190","150","140","140"
"42121","2020/10/11 09:25","180","170","140","130","130","130","130","140","170","160","140","140","140","130","120","140","170","160","120","110","100"
"42146","2020/10/11 09:25","230","220","170","170","170","160","160","180","210","210","180","170","170","170","160","190","200","200","160","150","150"
"42186","2020/10/11 09:25","230","220","170","170","160","160","160","180","200","200","180","170","170","170","160","190","210","210","170","150","150"
"42221","2020/10/11 09:25","180","170","130","130","130","130","130","140","170","160","140","140","140","130","120","140","160","150","110","100","90"
"42251","2020/10/11 09:25","220","220","190","190","180","180","180","200","200","210","200","190","190","190","190","210","210","220","190","190","170"
"42266","2020/10/11 09:25","210","210","180","180","180","180","180","190","220","230","190","190","190","180","180","210","210","210","190","180","170"
"42286","2020/10/11 09:25","230","220","180","180","180","180","180","200","220","230","190","180","180","180","170","210","220","230","170","170","170"
"42302","2020/10/11 09:25","220","220","200","190","180","180","190","200","200","210","210","200","200","190","190","210","210","210","210","190","180"
"42326","2020/10/11 09:25","210","210","180","170","170","170","170","180","210","210","180","180","170","170","160","200","210","210","170","170","160"
"42366","2020/10/11 09:25","210","210","190","190","180","180","180","210","210","210","210","200","190","190","190","210","210","210","190","180","180"
"42396","2020/10/11 09:25","180","190","180","180","170","170","160","170","200","190","180","170","170","160","160","190","190","180","160","170","170"
"43051","2020/10/11 09:25","210","210","180","180","180","170","180","200","220","220","190","180","180","180","180","210","210","210","180","190","180"
"43056","2020/10/11 09:25","210","210","200","190","180","180","180","210","210","220","220","200","200","190","190","210","220","210","200","190","180"
"43126","2020/10/11 09:25","210","200","190","180","180","180","180","200","210","220","210","200","200","190","190","210","210","210","180","180","180"
"43156","2020/10/11 09:25","200","200","180","180","180","170","180","190","220","220","190","180","180","170","170","200","220","210","200","180","180"
"43171","2020/10/11 09:25","210","200","180","180","170","170","180","210","210","230","190","190","190","170","180","210","220","220","190","180","180"
"43241","2020/10/11 09:25","200","210","190","190","180","180","190","200","220","220","210","200","200","190","190","210","210","210","190","190","180"
"43256","2020/10/11 09:25","200","210","190","190","170","170","170","200","220","220","200","200","180","170","180","210","210","210","180","170","170"
"43266","2020/10/11 09:25","190","180","180","170","170","170","170","190","210","210","180","180","180","180","190","200","200","200","170","170","170"
"44046","2020/10/11 09:25","180","190","160","160","160","160","160","180","190","190","180","170","180","170","170","190","200","190","170","170","170"
"44056","2020/10/11 09:25","200","190","180","180","170","170","180","190","210","220","190","190","190","180","190","200","200","210","190","180","170"
"44071","2020/10/11 09:25","200","200","190","190","180","180","180","200","210","210","200","190","190","200","200","210","220","220","180","180","180"
"44112","2020/10/11 09:25","200","200","190","180","170","170","180","190","210","220","200","190","190","190","200","200","210","210","190","190","180"
"44116","2020/10/11 09:25","200","200","190","180","170","170","170","190","210","210","200","190","190","190","200","200","210","210","180","180","180"
"44132","2020/10/11 09:25","200","200","190","180","180","170","170","190","220","220","190","190","190","190","190","210","220","210","180","170","170"
"44136","2020/10/11 09:25","210","210","190","190","180","180","180","190","230","220","200","190","190","200","190","210","210","210","180","170","180"
"44172","2020/10/11 09:25","210","220","200","200","200","190","190","200","210","210","200","190","190","190","190","230","240","240","190","190","180"
"44226","2020/10/11 09:25","230","230","230","220","220","210","210","230","240","230","220","210","200","190","200","240","250","240","200","200","190"
"44263","2020/10/11 09:25","250","250","220","220","220","210","210","250","270","250","220","220","220","210","200","230","250","250","200","200","200"
"44301","2020/10/11 09:25","300","280","250","250","250","250","260","280","290","280","260","260","270","270","270","290","300","280","260","260","260"
"45061","2020/10/11 09:25","220","220","180","180","180","170","170","200","220","220","190","190","180","180","170","210","210","190","170","170","160"
"45081","2020/10/11 09:25","210","200","190","190","190","180","190","200","200","200","190","190","180","180","170","200","210","200","170","170","160"
"45106","2020/10/11 09:25","220","220","190","190","180","180","170","190","220","210","200","190","190","190","190","210","210","200","180","170","170"
"45116","2020/10/11 09:25","220","210","190","190","190","180","180","200","220","210","190","190","190","180","180","200","210","200","180","170","160"
"45147","2020/10/11 09:25","240","230","210","200","200","200","200","230","240","230","210","200","200","200","190","230","220","210","200","190","180"
"45181","2020/10/11 09:25","230","230","200","200","200","200","200","220","230","210","200","200","200","180","180","210","220","200","180","180","160"
"45212","2020/10/11 09:25","220","220","190","190","190","180","180","210","210","200","200","200","200","200","200","220","210","200","190","180","190"
"45261","2020/10/11 09:25","220","230","200","200","200","200","200","220","230","210","200","200","200","180","180","220","220","200","190","180","170"
"45282","2020/10/11 09:25","200","210","190","190","180","180","180","190","200","210","200","190","180","180","180","210","220","210","180","170","160"
"45291","2020/10/11 09:25","220","220","200","200","190","190","190","220","220","210","200","200","190","170","170","210","220","200","180","170","160"
"45326","2020/10/11 09:25","200","220","190","190","190","190","190","210","220","200","190","190","180","160","160","210","220","190","170","160","150"
"45361","2020/10/11 09:25","240","250","200","210","200","200","210","230","240","220","200","200","200","180","180","240","240","210","190","180","170"
"45371","2020/10/11 09:25","230","230","200","200","200","200","210","220","230","220","210","200","200","190","190","220","230","210","190","180","180"
"45401","2020/10/11 09:25","230","240","210","210","200","190","200","220","230","220","210","210","190","170","160","220","250","230","190","180","170"
"46091","2020/10/11 09:25","200","210","190","190","190","180","180","200","220","220","200","190","200","190","200","210","220","220","180","170","180"
"46106","2020/10/11 09:25","200","210","190","190","180","180","170","200","210","210","190","190","200","200","200","220","220","220","180","180","190"
"46141","2020/10/11 09:25","210","220","200","190","190","190","190","200","230","220","200","190","200","200","200","220","220","230","190","190","190"
"46166","2020/10/11 09:25","220","220","200","190","190","180","180","210","230","220","190","190","190","190","190","220","230","230","190","180","190"
"46211","2020/10/11 09:25","210","220","190","190","180","180","180","190","210","210","190","180","180","180","190","220","230","220","190","180","180"
"48031","2020/10/11 09:25","190","200","170","160","130","130","130","160","190","190","170","170","150","150","140","140","150","150","140","130","120"
"48061","2020/10/11 09:25","210","210","170","160","160","140","140","180","210","200","160","160","160","150","140","140","140","140","130","130","120"
"48066","2020/10/11 09:25","220","220","180","170","160","150","150","170","230","210","190","180","180","170","170","170","180","170","160","150","140"
"48141","2020/10/11 09:25","210","210","170","150","150","140","140","170","200","200","160","150","150","140","140","150","170","160","130","120","110"
"48156","2020/10/11 09:25","220","220","190","170","170","160","160","190","220","220","180","170","170","180","170","180","190","180","150","150","140"
"48191","2020/10/11 09:25","200","210","170","160","140","130","130","170","200","210","170","160","150","150","140","160","180","170","130","110","110"
"48196","2020/10/11 09:25","220","220","180","160","140","140","140","170","220","220","180","160","170","160","160","170","190","190","140","130","120"
"48216","2020/10/11 09:25","170","180","130","120","120","110","110","150","180","180","140","130","130","120","120","120","130","130","100","90","80"
"48256","2020/10/11 09:25","220","220","170","160","160","150","160","180","210","220","180","170","160","160","160","180","200","200","150","140","140"
"48296","2020/10/11 09:25","210","220","180","160","150","140","140","170","210","220","180","160","160","160","160","190","180","180","150","140","130"
"48321","2020/10/11 09:25","190","190","150","140","130","130","140","170","200","200","150","150","140","130","130","140","170","180","120","110","100"
"48331","2020/10/11 09:25","170","180","140","140","140","140","140","150","170","180","140","140","140","140","130","140","160","170","120","110","110"
"48361","2020/10/11 09:25","210","210","170","150","140","140","130","170","200","210","180","160","160","160","160","190","190","190","150","150","130"
"48381","2020/10/11 09:25","220","210","160","150","150","140","150","180","210","200","160","150","150","140","140","170","190","180","140","130","120"
"48386","2020/10/11 09:25","210","220","170","160","150","150","150","180","220","210","170","160","160","150","150","180","190","200","160","140","140"
"48466","2020/10/11 09:25","220","210","140","130","130","120","120","160","190","190","140","120","120","120","130","140","170","170","130","110","90"
"48491","2020/10/11 09:25","210","210","180","160","140","140","140","180","200","200","180","170","150","160","160","180","180","180","160","150","140"
"48531","2020/10/11 09:25","200","190","140","130","110","110","100","150","180","170","130","110","100","110","110","140","150","150","120","100","80"
"48536","2020/10/11 09:25","220","210","150","150","140","130","140","160","210","200","160","140","130","130","130","150","170","170","140","130","110"
"48546","2020/10/11 09:25","220","220","170","160","150","140","150","180","200","200","170","160","150","150","160","180","190","190","160","140","130"
"48561","2020/10/11 09:25","200","200","160","150","130","130","130","170","200","190","150","150","130","140","140","160","180","170","140","130","120"
"48571","2020/10/11 09:25","160","160","130","120","120","110","120","160","180","180","150","140","130","110","110","130","150","140","120","120","110"
"48606","2020/10/11 09:25","240","230","160","160","140","140","140","170","210","200","160","150","140","140","150","170","190","190","150","140","120"
"48621","2020/10/11 09:25","240","240","190","170","150","140","130","170","210","210","180","160","150","150","150","180","200","200","180","160","140"
"48717","2020/10/11 09:25","240","230","170","160","140","140","140","180","220","210","150","150","140","150","150","170","190","190","140","140","140"
"48731","2020/10/11 09:25","230","230","170","160","150","140","140","180","200","200","160","160","140","140","150","160","180","190","160","150","150"
"48767","2020/10/11 09:25","250","250","200","180","160","140","140","180","200","200","180","170","160","160","160","180","200","210","190","170","160"
"48826","2020/10/11 09:25","230","220","150","140","140","130","120","160","200","200","150","130","110","110","120","150","190","190","130","130","120"
"48841","2020/10/11 09:25","250","240","200","180","150","130","140","180","220","220","190","170","160","160","160","160","200","220","190","180","170"
"49036","2020/10/11 09:25","220","220","170","160","160","150","140","180","190","190","170","170","160","160","150","170","200","200","160","150","150"
"49086","2020/10/11 09:25","220","220","170","170","170","170","160","200","220","210","180","180","180","170","170","190","200","210","180","180","180"
"49142","2020/10/11 09:25","220","230","200","190","190","180","180","210","220","220","210","200","200","190","190","200","220","220","210","210","210"
"49151","2020/10/11 09:25","240","240","200","180","180","180","180","210","240","240","190","190","190","180","180","190","220","230","210","200","200"
"49161","2020/10/11 09:25","200","210","180","170","160","170","170","180","200","210","190","180","180","170","170","200","220","220","190","180","180"
"49196","2020/10/11 09:25","210","210","170","160","160","160","150","190","210","200","170","170","170","160","160","190","210","200","180","180","170"
"49236","2020/10/11 09:25","220","220","190","180","180","180","180","210","220","210","190","180","190","180","170","190","220","220","200","200","190"
"49251","2020/10/11 09:25","180","180","160","160","160","150","160","160","190","200","170","170","160","160","150","180","200","190","160","160","160"
"49256","2020/10/11 09:25","160","170","160","150","150","140","150","160","190","190","160","160","150","140","140","170","190","180","160","160","160"
"49316","2020/10/11 09:25","240","240","200","190","180","180","190","210","220","230","210","200","190","190","190","220","250","240","210","210","200"
"50106","2020/10/11 09:25","230","220","170","150","140","140","140","170","200","200","180","170","160","150","140","160","210","200","170","170","160"
"50136","2020/10/11 09:25","210","220","180","160","160","160","170","190","210","210","190","180","180","170","170","200","210","200","190","180","180"
"50196","2020/10/11 09:25","250","250","220","210","200","180","180","220","240","230","220","210","210","200","200","220","240","240","230","220","210"
"50206","2020/10/11 09:25","240","250","210","200","190","190","190","220","240","240","210","210","200","190","190","220","240","240","220","210","200"
"50226","2020/10/11 09:25","260","250","200","190","180","170","160","190","220","230","200","190","170","160","160","200","240","240","190","190","190"
"50241","2020/10/11 09:25","250","260","200","180","160","150","170","190","240","230","190","190","170","160","160","200","230","240","190","180","180"
"50261","2020/10/11 09:25","260","250","210","200","190","190","180","230","240","230","210","200","210","200","200","240","250","240","210","210","210"
"50281","2020/10/11 09:25","220","230","200","200","200","190","200","210","210","220","200","210","210","200","200","200","210","210","200","200","200"
"50331","2020/10/11 09:25","240","240","220","210","200","200","180","230","230","220","220","210","210","190","190","240","250","240","220","220","210"
"50386","2020/10/11 09:25","270","250","210","200","190","190","170","200","230","240","210","200","190","180","170","210","250","240","200","190","190"
"50456","2020/10/11 09:25","250","250","230","210","200","190","190","210","240","250","220","210","200","190","180","220","250","240","210","210","200"
"50476","2020/10/11 09:25","230","230","220","200","190","180","180","210","220","220","210","200","190","180","170","220","230","240","190","190","190"
"50491","2020/10/11 09:25","260","250","210","200","190","180","180","230","250","240","210","190","180","170","160","230","250","230","200","200","190"
"50506","2020/10/11 09:25","230","230","200","190","190","190","190","210","220","210","190","190","200","200","190","220","240","230","200","200","190"
"50536","2020/10/11 09:25","250","240","210","190","180","180","180","210","230","240","220","200","190","180","170","230","250","240","200","190","190"
"50551","2020/10/11 09:25","240","240","220","210","200","200","200","230","240","240","220","220","210","200","190","230","250","240","210","210","210"
"50561","2020/10/11 09:25","240","230","200","200","200","190","190","210","230","220","200","200","210","210","200","230","240","230","200","200","200"
"51031","2020/10/11 09:25","280","270","200","190","190","190","180","230","240","250","200","190","180","180","170","210","230","220","170","150","150"
"51071","2020/10/11 09:25","250","240","170","170","160","150","140","190","230","220","170","160","150","150","150","190","220","210","160","150","150"
"51106","2020/10/11 09:25","260","260","220","210","210","200","200","220","240","230","210","200","190","190","180","210","230","230","170","170","160"
"51116","2020/10/11 09:25","270","260","220","200","190","180","180","230","250","250","210","190","170","160","170","210","240","230","180","170","150"
"51216","2020/10/11 09:25","270","260","220","210","200","200","190","220","250","250","220","200","190","180","180","210","230","230","170","170","170"
"51226","2020/10/11 09:25","260","270","210","200","190","180","170","220","240","240","210","190","180","160","170","210","220","230","180","170","160"
"51247","2020/10/11 09:25","270","270","210","190","190","170","180","220","240","240","200","180","170","160","150","210","240","230","190","180","180"
"51281","2020/10/11 09:25","270","270","210","210","200","190","190","220","240","240","200","200","190","170","180","210","240","230","170","170","170"
"51311","2020/10/11 09:25","280","270","210","190","190","190","180","210","230","240","200","190","190","190","180","210","220","220","180","170","170"
"51331","2020/10/11 09:25","260","260","210","200","190","170","170","220","240","240","200","200","190","180","170","220","230","230","180","180","170"
"51346","2020/10/11 09:25","280","280","210","200","190","190","180","210","230","230","200","190","190","180","190","220","230","230","180","180","180"
"52041","2020/10/11 09:25","230","220","160","150","150","150","160","180","190","190","160","150","150","160","150","170","180","180","150","130","130"
"52051","2020/10/11 09:25","220","220","180","170","160","150","150","180","220","210","170","150","160","160","150","170","190","180","150","140","130"
"52081","2020/10/11 09:25","220","220","170","150","140","140","130","150","200","200","160","150","150","150","150","160","180","170","140","130","130"
"52111","2020/10/11 09:25","240","220","160","140","130","130","130","170","200","200","150","150","150","140","140","150","180","170","120","120","100"
"52146","2020/10/11 09:25","220","230","170","160","160","150","150","180","210","210","170","150","150","160","150","180","200","190","160","140","130"
"52181","2020/10/11 09:25","210","200","140","130","130","140","140","160","170","170","140","140","130","130","130","150","160","150","110","100","90"
"52196","2020/10/11 09:25","230","210","160","140","120","110","130","170","200","190","140","130","130","140","140","160","160","150","120","110","100"
"52221","2020/10/11 09:25","260","230","170","160","150","150","160","180","190","180","150","150","160","160","150","180","190","190","150","130","120"
"52286","2020/10/11 09:25","250","240","180","170","160","170","170","180","210","210","170","160","160","160","170","200","190","190","160","160","140"
"52331","2020/10/11 09:25","260","240","190","160","180","160","170","200","210","210","180","150","160","160","160","180","190","190","150","130","130"
"52346","2020/10/11 09:25","240","230","170","150","150","150","150","170","210","190","160","150","160","160","160","200","190","180","150","150","140"
"52381","2020/10/11 09:25","250","230","190","180","170","170","160","190","210","200","170","170","170","170","170","200","200","180","160","150","150"
"52406","2020/10/11 09:25","260","260","200","180","180","170","170","200","220","230","180","160","170","170","170","200","200","200","160","160","150"
"52461","2020/10/11 09:25","270","270","210","190","180","180","180","210","250","250","200","170","170","170","170","200","220","200","160","160","150"
"52482","2020/10/11 09:25","250","240","180","170","160","160","150","190","220","210","180","160","140","150","150","190","200","190","140","140","130"
"52511","2020/10/11 09:25","270","270","210","200","190","190","180","230","240","220","200","190","190","190","180","210","230","220","180","180","170"
"52536","2020/10/11 09:25","260","260","220","210","200","190","190","220","230","230","210","190","180","170","180","200","220","210","170","170","150"
"52556","2020/10/11 09:25","260","260","210","190","180","160","160","200","230","230","200","180","160","160","160","190","230","220","180","160","140"
"52557","2020/10/11 09:25","250","250","200","180","180","170","150","200","230","220","190","170","160","160","160","190","220","210","190","160","150"
"52571","2020/10/11 09:25","250","250","200","180","180","180","180","210","220","220","190","180","180","180","160","200","210","200","160","150","160"
"52581","2020/10/11 09:25","260","260","210","200","200","190","190","230","250","230","200","190","200","190","180","220","230","220","180","170","170"
"52586","2020/10/11 09:25","270","260","210","200","200","200","190","230","250","240","200","190","190","190","180","220","230","210","170","170","170"
"52606","2020/10/11 09:25","270","270","220","200","200","190","180","220","240","250","210","190","170","160","170","200","230","220","170","160","150"
"53041","2020/10/11 09:25","280","260","210","200","190","190","180","210","250","240","210","190","190","190","180","220","230","220","170","160","160"
"53061","2020/10/11 09:25","250","250","200","190","180","180","180","220","240","240","210","190","170","180","180","220","220","220","170","160","150"
"53091","2020/10/11 09:25","250","240","200","190","190","190","180","210","230","230","190","190","180","190","180","210","220","210","170","170","160"
"53112","2020/10/11 09:25","240","240","200","190","180","170","170","190","210","220","210","190","180","170","160","200","210","210","170","160","140"
"53133","2020/10/11 09:25","250","250","210","210","200","200","190","210","230","230","220","210","210","200","190","220","230","210","180","190","180"
"53196","2020/10/11 09:25","260","260","210","190","170","170","170","210","220","230","210","190","180","170","180","220","230","220","180","160","150"
"53231","2020/10/11 09:25","250","250","200","170","170","170","180","200","230","220","200","180","170","160","180","200","220","220","170","160","140"
"53257","2020/10/11 09:25","240","250","210","190","170","170","170","200","210","220","200","180","180","180","180","200","200","200","170","160","160"
"53296","2020/10/11 09:25","270","270","200","190","190","170","170","210","230","240","200","180","190","190","200","210","220","220","170","170","160"
"53326","2020/10/11 09:25","280","270","200","180","170","170","180","220","250","250","210","170","170","170","190","220","240","240","190","180","160"
"53378","2020/10/11 09:25","280","260","220","190","180","180","180","230","250","250","220","180","180","170","180","220","240","240","190","170","150"
"53401","2020/10/11 09:25","270","250","210","200","200","190","190","240","260","260","220","210","200","190","180","230","240","230","180","180","170"
"54012","2020/10/11 09:25","230","230","190","180","180","180","190","210","230","230","210","180","170","160","140","170","200","190","150","130","130"
"54041","2020/10/11 09:25","230","220","190","180","180","190","190","200","230","220","190","180","160","160","150","170","200","180","140","140","140"
"54086","2020/10/11 09:25","220","210","180","180","170","170","170","190","220","220","200","180","170","170","160","170","180","180","150","130","130"
"54157","2020/10/11 09:25","240","240","200","170","160","180","200","230","240","230","200","180","160","170","160","180","200","190","150","140","140"
"54166","2020/10/11 09:25","240","240","210","190","180","180","190","210","240","240","200","190","170","160","150","180","210","200","160","140","130"
"54181","2020/10/11 09:25","230","210","190","180","180","180","180","210","230","240","210","190","170","180","180","190","190","180","150","150","150"
"54191","2020/10/11 09:25","220","200","170","170","170","170","160","180","210","220","190","180","170","160","160","170","170","180","140","130","120"
"54232","2020/10/11 09:25","240","230","180","180","180","170","170","200","240","250","200","170","170","170","160","180","200","180","150","150","140"
"54271","2020/10/11 09:25","240","240","190","170","160","170","180","210","230","230","200","180","160","160","150","180","200","190","150","130","120"
"54296","2020/10/11 09:25","230","230","190","180","180","180","170","190","240","240","210","180","170","160","160","180","180","180","150","130","130"
"54341","2020/10/11 09:25","240","240","180","180","170","160","160","200","240","250","200","190","170","170","160","180","190","190","140","140","130"
"54387","2020/10/11 09:25","250","240","180","180","170","160","160","190","240","230","190","180","170","170","160","180","190","190","150","140","140"
"54396","2020/10/11 09:25","240","240","200","190","180","180","170","210","240","240","210","190","180","180","170","190","190","190","160","160","140"
"54421","2020/10/11 09:25","230","200","160","160","150","150","150","180","220","210","180","160","160","160","160","170","170","160","140","130","130"
"54501","2020/10/11 09:25","240","240","210","180","160","160","160","180","230","240","210","180","170","170","170","180","190","180","170","150","150"
"54541","2020/10/11 09:25","240","240","190","170","150","150","150","190","230","230","190","170","160","160","160","170","190","180","150","140","130"
"54566","2020/10/11 09:25","230","230","180","160","160","150","150","170","220","220","200","180","170","150","160","170","150","160","150","140","130"
"54586","2020/10/11 09:25","250","250","200","180","170","170","160","200","240","220","190","180","180","180","170","180","200","190","160","150","140"
"54616","2020/10/11 09:25","220","230","190","170","160","140","140","170","220","220","180","180","180","160","160","180","170","170","160","150","150"
"54651","2020/10/11 09:25","260","230","200","180","180","170","160","200","220","210","200","180","180","180","170","180","190","180","160","150","140"
"54661","2020/10/11 09:25","230","220","170","160","150","130","140","180","220","210","170","170","160","150","150","160","170","160","140","140","120"
"54676","2020/10/11 09:25","220","230","180","170","170","160","150","170","210","210","190","180","170","160","160","170","170","170","150","140","140"
"54711","2020/10/11 09:25","240","230","200","190","180","180","180","210","210","220","190","190","190","190","170","190","200","190","170","170","150"
"54721","2020/10/11 09:25","240","220","170","150","150","150","150","180","210","200","180","160","170","170","160","160","180","170","160","150","140"
"54816","2020/10/11 09:25","220","220","180","170","160","150","160","190","210","190","180","170","150","150","140","150","160","150","150","140","130"
"54836","2020/10/11 09:25","210","210","180","170","170","160","150","180","200","190","170","160","160","160","150","150","160","150","150","140","140"
"54841","2020/10/11 09:25","230","220","180","170","150","140","150","180","210","210","180","170","160","160","160","160","180","170","160","150","140"
"55022","2020/10/11 09:25","240","220","180","170","160","160","160","180","220","220","180","180","180","160","160","180","200","190","150","150","150"
"55041","2020/10/11 09:25","240","230","200","190","180","170","170","200","240","230","180","170","160","160","150","170","200","190","150","140","130"
"55056","2020/10/11 09:25","230","230","190","180","170","160","150","190","230","230","180","170","180","170","150","180","200","190","160","150","150"
"55091","2020/10/11 09:25","250","230","200","190","190","180","170","200","240","230","190","180","180","170","160","180","200","190","170","170","160"
"55102","2020/10/11 09:25","250","230","200","200","180","180","180","210","230","230","200","180","180","170","160","180","210","200","170","160","150"
"55141","2020/10/11 09:25","250","230","200","180","180","170","170","210","220","220","200","180","180","170","160","170","190","190","160","150","160"
"55166","2020/10/11 09:25","190","200","180","160","140","130","140","180","200","210","170","170","170","160","160","170","180","180","150","140","140"
"55191","2020/10/11 09:25","250","230","200","170","160","170","170","200","230","220","200","180","180","170","160","170","190","190","160","150","150"
"55206","2020/10/11 09:25","240","220","190","170","160","170","170","190","220","220","190","180","170","170","160","170","190","190","150","150","150"
"56036","2020/10/11 09:25","250","240","190","170","160","160","160","210","230","210","170","150","160","150","140","170","200","190","140","120","110"
"56052","2020/10/11 09:25","240","240","190","170","170","150","150","200","220","190","160","130","150","160","150","170","200","190","150","130","120"
"56116","2020/10/11 09:25","240","230","200","170","160","160","150","210","220","210","170","160","150","150","140","170","200","200","160","130","120"
"56146","2020/10/11 09:25","240","230","190","180","170","170","170","200","230","230","170","160","160","150","140","170","190","190","140","130","120"
"56176","2020/10/11 09:25","240","240","200","190","180","170","170","210","230","230","190","170","170","160","150","180","200","190","160","150","140"
"56186","2020/10/11 09:25","240","230","200","180","180","170","170","200","230","230","190","170","170","160","150","170","190","190","160","150","140"
"56227","2020/10/11 09:25","250","230","210","200","190","180","180","210","220","220","200","180","190","180","170","180","200","200","180","160","170"
"56276","2020/10/11 09:25","240","240","200","190","180","170","170","210","230","220","190","180","180","170","160","190","210","210","170","160","150"
"56286","2020/10/11 09:25","230","230","190","170","160","160","160","180","200","200","190","180","170","160","160","180","190","190","160","140","140"
"56301","2020/10/11 09:25","230","220","180","170","160","160","160","200","230","210","180","160","160","150","140","170","200","180","150","130","130"
"57001","2020/10/11 09:25","250","230","200","190","180","180","180","220","230","210","180","180","180","160","160","180","200","200","170","160","150"
"57051","2020/10/11 09:25","250","240","200","200","200","190","200","230","240","230","190","180","180","160","170","190","200","200","170","170","170"
"57066","2020/10/11 09:25","250","240","210","200","190","180","180","220","240","230","200","180","170","170","160","190","210","210","180","160","150"
"57082","2020/10/11 09:25","230","230","190","180","170","170","160","190","210","210","180","170","170","170","170","180","200","200","170","150","140"
"57121","2020/10/11 09:25","240","230","200","180","180","170","170","190","210","210","190","180","180","170","170","190","200","200","170","150","130"
"57206","2020/10/11 09:25","230","220","180","180","180","160","160","190","230","210","180","170","170","160","160","170","180","180","150","140","140"
"57248","2020/10/11 09:25","240","240","210","200","190","190","190","230","240","230","210","190","190","190","180","200","200","200","190","170","170"
"57286","2020/10/11 09:25","250","230","200","190","180","180","180","220","240","230","190","180","190","190","180","190","200","200","180","170","160"
"57317","2020/10/11 09:25","230","220","200","180","180","180","170","210","240","230","190","180","180","180","180","180","200","200","170","170","160"
"60051","2020/10/11 09:25","250","240","200","180","180","170","170","210","220","220","190","180","190","190","170","200","210","200","170","170","160"
"60061","2020/10/11 09:25","260","250","200","180","170","170","180","210","240","230","190","170","180","180","170","190","210","200","170","170","160"
"60102","2020/10/11 09:25","250","240","190","170","170","180","190","200","220","210","180","170","170","180","150","190","210","200","160","150","150"
"60116","2020/10/11 09:25","250","240","200","200","190","180","170","200","220","220","200","190","190","190","180","200","210","210","180","170","170"
"60131","2020/10/11 09:25","250","240","210","190","180","180","180","210","230","220","190","190","190","190","180","200","210","210","180","180","180"
"60196","2020/10/11 09:25","250","240","200","190","180","170","180","210","230","230","200","180","180","190","170","210","210","210","160","160","150"
"60216","2020/10/11 09:25","250","250","200","180","170","160","170","210","240","240","190","180","180","180","170","200","210","210","180","160","160"
"60226","2020/10/11 09:25","230","230","180","150","160","150","140","190","220","220","180","160","140","150","150","190","190","190","150","130","120"
"60236","2020/10/11 09:25","240","250","190","180","170","170","180","200","220","220","190","180","160","170","160","200","210","200","150","150","140"
"61001","2020/10/11 09:25","230","220","200","190","190","180","180","200","200","180","180","170","180","170","160","190","210","200","170","170","160"
"61076","2020/10/11 09:25","230","220","180","180","170","160","170","210","220","190","170","160","170","160","160","180","210","210","160","150","140"
"61111","2020/10/11 09:25","230","220","190","180","180","170","180","200","230","220","180","170","170","170","180","180","200","210","170","160","150"
"61187","2020/10/11 09:25","240","230","190","180","180","170","170","190","220","220","180","170","170","160","150","170","210","210","170","150","140"
"61206","2020/10/11 09:25","230","230","170","160","160","160","160","190","230","230","170","150","160","160","160","170","190","190","150","140","130"
"61242","2020/10/11 09:25","230","230","180","170","170","180","180","210","240","230","180","170","170","170","160","180","210","220","160","140","140"
"61286","2020/10/11 09:25","250","240","200","200","200","190","180","220","240","240","200","190","190","190","180","200","210","210","190","180","170"
"61326","2020/10/11 09:25","250","240","200","180","170","160","160","220","240","230","200","190","170","170","160","200","210","210","170","160","140"
"62016","2020/10/11 09:25","230","220","180","170","170","180","170","210","230","220","180","170","170","170","160","180","200","200","160","150","140"
"62046","2020/10/11 09:25","250","240","210","200","190","180","170","220","240","230","210","190","180","180","170","200","220","210","180","170","160"
"62078","2020/10/11 09:25","240","250","210","210","200","190","190","220","240","240","210","200","190","190","190","210","220","220","190","180","180"
"62081","2020/10/11 09:25","200","190","150","160","160","150","150","180","190","180","150","150","140","150","140","160","170","170","120","120","130"
"62091","2020/10/11 09:25","240","240","200","190","180","180","170","220","230","230","200","200","180","170","170","210","220","220","180","170","160"
"62131","2020/10/11 09:25","240","240","200","190","180","170","170","210","230","230","210","190","180","170","170","200","220","220","180","160","150"
"63016","2020/10/11 09:25","220","220","190","180","170","170","170","180","190","190","170","160","170","160","150","160","210","200","160","150","140"
"63051","2020/10/11 09:25","250","230","200","180","170","170","160","180","210","200","190","170","170","160","150","160","220","220","170","150","140"
"63071","2020/10/11 09:25","180","180","160","160","160","150","150","160","160","160","150","150","140","140","130","140","160","170","130","130","120"
"63121","2020/10/11 09:25","230","220","190","170","170","170","160","180","200","200","180","170","160","160","150","160","210","200","160","150","140"
"63201","2020/10/11 09:25","210","220","190","180","180","160","150","190","210","190","170","160","160","160","140","160","190","200","160","150","140"
"63216","2020/10/11 09:25","230","220","190","180","180","170","170","200","230","220","180","170","170","170","160","180","210","210","170","160","150"
"63251","2020/10/11 09:25","230","230","180","180","170","160","150","180","210","200","180","160","160","150","150","160","200","200","160","150","140"
"63321","2020/10/11 09:25","240","240","190","180","170","160","160","210","220","220","190","180","180","170","150","190","220","220","180","160","160"
"63331","2020/10/11 09:25","230","240","200","180","170","170","170","210","230","220","180","170","180","170","160","180","210","210","170","160","160"
"63366","2020/10/11 09:25","250","240","190","180","160","160","160","200","230","230","190","170","150","140","140","170","210","210","170","150","130"
"63383","2020/10/11 09:25","240","240","200","190","180","170","160","220","240","230","200","180","170","160","150","190","220","220","180","160","150"
"63411","2020/10/11 09:25","240","230","190","170","160","160","160","210","230","220","180","170","170","160","160","180","200","200","160","150","140"
"63461","2020/10/11 09:25","230","230","200","190","190","180","180","220","230","230","200","180","170","170","160","190","210","210","170","160","150"
"63491","2020/10/11 09:25","240","220","190","180","180","170","160","200","230","230","190","170","170","170","160","200","220","220","170","170","160"
"63496","2020/10/11 09:25","240","240","200","190","180","170","170","210","240","230","190","180","180","170","170","200","220","220","180","170","160"
"63518","2020/10/11 09:25","250","240","210","210","210","200","190","210","240","230","200","200","200","200","190","210","220","210","190","190","180"
"63551","2020/10/11 09:25","240","250","200","180","170","160","150","210","240","230","200","190","170","150","160","210","240","230","170","160","140"
"63571","2020/10/11 09:25","240","250","200","180","170","160","160","220","260","250","200","190","170","150","160","210","240","230","170","150","150"
"63588","2020/10/11 09:25","240","250","200","170","160","160","160","220","250","230","200","170","160","150","160","210","240","230","170","160","150"
"64036","2020/10/11 09:25","250","240","200","190","180","180","180","210","240","240","200","180","180","180","170","210","220","210","170","160","140"
"64041","2020/10/11 09:25","220","220","170","150","140","140","140","190","220","220","160","160","150","150","150","180","190","190","130","120","100"
"64101","2020/10/11 09:25","220","220","180","160","150","150","150","200","220","220","170","160","160","150","160","190","200","210","150","130","110"
"64127","2020/10/11 09:25","240","240","190","180","160","160","160","200","230","240","180","180","170","150","160","200","220","220","170","140","120"
"64206","2020/10/11 09:25","240","240","180","160","160","160","150","180","210","220","180","150","150","140","150","190","220","220","160","150","130"
"64227","2020/10/11 09:25","250","250","190","170","160","150","160","180","210","210","180","160","160","160","160","190","210","220","170","160","140"
"65026","2020/10/11 09:25","250","240","190","180","160","160","150","200","240","230","190","180","170","160","160","200","220","210","160","140","130"
"65036","2020/10/11 09:25","240","250","200","190","190","180","180","210","240","250","200","190","190","180","180","210","240","240","180","180","170"
"65042","2020/10/11 09:25","250","260","210","200","190","190","180","220","230","230","210","200","190","180","180","210","230","220","190","180","170"
"65061","2020/10/11 09:25","200","210","160","150","130","130","130","180","200","200","150","140","130","140","140","160","170","180","130","110","100"
"65121","2020/10/11 09:25","240","240","180","160","150","140","140","170","230","230","170","160","150","140","160","200","210","210","160","140","130"
"65162","2020/10/11 09:25","240","250","180","160","160","150","150","180","230","230","170","150","150","140","140","190","220","220","160","140","120"
"65201","2020/10/11 09:25","250","250","200","190","180","170","170","210","250","240","200","190","180","170","180","220","240","230","180","170","160"
"65256","2020/10/11 09:25","260","260","190","170","160","160","160","200","250","250","190","160","150","140","140","200","240","230","170","140","120"
"65276","2020/10/11 09:25","260","250","210","200","200","190","190","240","260","250","210","210","210","200","200","230","250","240","190","200","190"
"65306","2020/10/11 09:25","260","260","190","160","160","160","170","200","240","250","190","170","160","140","130","190","240","240","160","140","120"
"65356","2020/10/11 09:25","240","240","210","200","190","190","190","240","260","260","220","200","200","190","190","230","240","240","200","190","180"
"66046","2020/10/11 09:25","170","180","160","170","160","160","150","170","180","190","150","140","130","130","120","130","180","170","140","120","90"
"66091","2020/10/11 09:25","200","190","150","160","150","150","150","170","200","190","140","140","120","110","110","140","190","180","130","120","100"
"66127","2020/10/11 09:25","230","230","180","170","160","150","160","190","210","200","170","150","150","160","150","160","200","210","170","150","130"
"66136","2020/10/11 09:25","240","220","180","160","160","150","140","190","210","200","170","150","140","140","130","160","190","200","160","140","130"
"66171","2020/10/11 09:25","220","220","180","170","170","160","160","190","220","210","170","150","150","140","130","150","200","210","170","150","130"
"66186","2020/10/11 09:25","230","230","190","180","160","160","150","190","220","220","190","170","160","160","150","160","210","220","180","160","140"
"66221","2020/10/11 09:25","210","200","160","150","150","140","140","180","210","200","160","140","130","130","120","140","200","200","150","140","120"
"66296","2020/10/11 09:25","240","230","180","160","160","160","150","190","230","210","170","160","150","140","130","160","200","200","160","140","120"
"66306","2020/10/11 09:25","250","240","190","170","160","160","160","210","240","230","190","170","150","140","130","170","210","200","160","140","120"
"66336","2020/10/11 09:25","240","230","190","170","170","160","160","190","220","220","180","160","150","140","140","160","200","210","170","160","140"
"66408","2020/10/11 09:25","240","240","210","190","190","180","170","210","240","230","200","180","170","160","150","180","230","220","180","170","150"
"66421","2020/10/11 09:25","260","240","200","180","170","160","160","220","230","230","190","170","160","160","140","190","220","220","170","160","140"
"66446","2020/10/11 09:25","250","240","210","190","190","170","170","210","230","230","210","180","170","160","150","180","210","210","190","170","160"
"66481","2020/10/11 09:25","240","240","210","180","180","170","160","210","230","230","210","180","170","150","140","180","230","240","190","170","160"
"66501","2020/10/11 09:25","250","240","210","190","190","180","170","210","230","230","200","180","180","180","160","200","220","220","200","180","170"
"67016","2020/10/11 09:25","200","190","160","150","140","130","130","160","190","170","140","130","100","90","90","130","180","180","130","110","80"
"67106","2020/10/11 09:25","230","220","180","160","160","150","140","160","200","200","170","160","130","130","120","140","200","210","180","150","130"
"67116","2020/10/11 09:25","220","210","160","150","150","140","140","170","190","200","160","140","120","110","100","140","190","210","160","140","110"
"67151","2020/10/11 09:25","210","210","160","150","150","130","110","170","200","180","160","140","100","80","80","140","190","190","150","120","100"
"67191","2020/10/11 09:25","200","200","150","130","120","120","120","160","190","190","150","130","120","100","100","130","170","180","130","130","110"
"67212","2020/10/11 09:25","220","220","170","160","150","140","140","170","210","200","160","150","120","110","100","140","220","220","160","150","120"
"67292","2020/10/11 09:25","230","230","190","170","170","160","160","200","210","200","180","160","140","130","130","170","200","220","190","170","150"
"67316","2020/10/11 09:25","220","220","170","160","150","140","140","170","200","190","170","150","130","110","100","150","180","190","150","140","120"
"67326","2020/10/11 09:25","240","230","200","180","170","170","170","200","220","210","190","180","160","140","130","160","200","210","190","170","150"
"67376","2020/10/11 09:25","230","230","180","170","160","150","140","190","210","190","170","170","140","110","110","160","180","200","170","150","130"
"67401","2020/10/11 09:25","240","240","220","180","170","160","160","210","230","230","210","180","160","140","130","180","220","230","190","170","160"
"67421","2020/10/11 09:25","230","220","180","150","150","140","140","190","200","200","170","140","110","100","100","170","200","200","160","150","120"
"67437","2020/10/11 09:25","240","240","210","190","180","180","170","190","200","200","190","180","170","160","150","180","210","220","200","190","180"
"67461","2020/10/11 09:25","230","230","200","180","180","170","160","200","220","210","200","180","170","160","140","180","190","210","190","170","170"
"67471","2020/10/11 09:25","240","240","200","180","180","180","170","210","230","220","200","180","170","160","150","200","230","230","180","180","170"
"67496","2020/10/11 09:25","250","250","200","180","180","170","160","210","240","220","190","170","170","160","140","190","220","230","200","180","180"
"67511","2020/10/11 09:25","240","240","210","190","190","180","180","210","230","220","190","190","180","170","150","200","210","230","200","190","180"
"67576","2020/10/11 09:25","260","250","200","190","180","180","180","210","240","230","190","180","180","170","160","190","230","230","190","180","180"
"68022","2020/10/11 09:25","230","210","180","170","160","160","150","180","190","190","160","130","120","110","110","180","210","210","150","130","120"
"68056","2020/10/11 09:25","230","220","170","160","150","150","140","180","190","190","150","120","100","100","110","180","200","210","150","120","110"
"68091","2020/10/11 09:25","220","210","180","180","180","170","160","190","200","200","170","150","130","120","110","170","220","210","160","140","130"
"68132","2020/10/11 09:25","220","210","190","170","180","180","170","200","200","190","170","160","150","130","130","170","210","210","170","160","150"
"68156","2020/10/11 09:25","220","210","180","170","160","150","150","190","200","200","170","150","130","110","120","170","220","210","160","140","130"
"68246","2020/10/11 09:25","210","210","180","160","160","150","160","190","200","190","170","150","120","110","130","180","220","220","160","150","140"
"68261","2020/10/11 09:25","200","210","170","160","170","160","150","180","210","190","160","150","130","120","120","150","200","210","150","130","120"
"68276","2020/10/11 09:25","190","190","160","160","160","160","160","170","200","190","150","140","110","100","90","140","200","200","150","120","100"
"68306","2020/10/11 09:25","200","190","150","140","130","130","130","170","190","170","140","140","100","80","90","150","190","190","140","120","90"
"68351","2020/10/11 09:25","220","200","170","160","150","150","150","170","200","170","170","150","120","100","110","130","210","210","160","140","120"
"68376","2020/10/11 09:25","210","210","180","170","160","160","150","180","200","200","170","150","140","130","130","190","220","220","170","150","140"
"68401","2020/10/11 09:25","220","200","160","140","150","150","130","170","190","170","150","130","100","90","90","140","200","190","140","120","100"
"68431","2020/10/11 09:25","180","170","160","150","140","130","130","170","180","170","150","130","100","80","70","150","200","190","130","110","80"
"68462","2020/10/11 09:25","220","220","190","180","170","160","160","200","210","190","170","160","140","130","130","190","220","210","180","160","150"
"68516","2020/10/11 09:25","240","220","180","170","160","150","140","190","210","190","170","160","130","110","110","150","220","210","160","140","130"
"68541","2020/10/11 09:25","220","210","170","160","150","140","140","170","200","190","160","150","120","110","100","140","200","200","150","140","120"
"69006","2020/10/11 09:25","220","220","190","180","180","180","170","190","220","200","170","150","140","130","130","180","230","220","170","160","140"
"69021","2020/10/11 09:25","220","220","190","190","190","190","170","190","220","210","170","160","150","140","140","180","210","200","160","150","140"
"69041","2020/10/11 09:25","220","220","190","180","180","180","170","180","190","180","170","150","150","150","140","170","210","200","160","140","130"
"69061","2020/10/11 09:25","220","220","190","180","170","180","180","180","190","190","170","160","160","150","150","170","210","200","150","130","120"
"69076","2020/10/11 09:25","230","220","190","190","180","170","170","190","230","210","180","160","140","130","130","180","220","220","180","160","140"
"69101","2020/10/11 09:25","220","220","190","180","180","170","170","190","200","200","180","160","160","150","150","180","210","200","170","160","140"
"69122","2020/10/11 09:25","230","230","200","190","180","180","180","180","190","190","190","170","170","170","160","170","220","210","180","160","140"
"69246","2020/10/11 09:25","210","210","180","180","170","170","160","170","210","190","180","160","150","140","140","150","200","200","160","140","120"
"69271","2020/10/11 09:25","190","180","160","160","150","150","150","160","200","180","140","130","110","90","90","140","190","190","140","110","80"
"81011","2020/10/11 09:25","200","200","180","170","150","150","150","190","190","180","160","140","120","110","110","180","210","210","150","130","130"
"81071","2020/10/11 09:25","220","210","190","180","170","160","150","200","200","190","170","160","150","140","130","180","230","220","180","160","160"
"81116","2020/10/11 09:25","210","210","190","180","180","170","170","200","210","210","170","150","120","110","130","190","230","220","170","150","130"
"81151","2020/10/11 09:25","220","210","170","160","150","140","140","170","200","190","160","140","110","90","100","150","210","200","150","130","110"
"81196","2020/10/11 09:25","210","210","170","160","160","160","150","190","200","190","150","140","130","120","120","170","210","200","150","140","140"
"81231","2020/10/11 09:25","240","230","190","170","160","160","160","190","220","210","170","160","140","130","110","170","220","220","170","150","140"
"81266","2020/10/11 09:25","230","220","180","170","170","160","170","200","220","210","160","140","120","110","120","170","230","220","160","130","120"
"81286","2020/10/11 09:25","230","230","200","180","180","170","170","210","220","220","190","170","150","140","150","180","230","230","190","170","160"
"81321","2020/10/11 09:25","240","240","200","180","170","160","160","200","220","210","190","170","160","140","130","180","210","220","190","170","160"
"81371","2020/10/11 09:25","250","240","200","190","180","170","170","220","240","230","190","180","160","150","150","200","250","240","180","170","160"
"81386","2020/10/11 09:25","250","250","200","180","180","170","160","210","230","210","190","170","160","150","140","200","230","240","190","170","160"
"81397","2020/10/11 09:25","230","240","210","180","160","160","150","190","220","200","180","170","140","130","120","170","220","230","180","150","140"
"81428","2020/10/11 09:25","230","220","190","190","190","190","190","210","230","220","170","160","160","160","160","210","230","220","180","180","170"
"81481","2020/10/11 09:25","240","230","210","190","180","170","160","210","220","220","190","170","170","150","140","190","210","220","180","170","160"
"81486","2020/10/11 09:25","240","250","190","180","180","180","170","210","220","220","190","180","170","160","160","200","210","220","180","160","170"
"71066","2020/10/11 09:25","230","230","180","160","150","140","140","180","220","200","170","160","140","140","150","180","210","200","150","140","140"
"71087","2020/10/11 09:25","230","230","190","180","170","160","160","190","220","210","180","170","150","160","160","190","210","200","160","160","150"
"71106","2020/10/11 09:25","250","250","210","200","180","170","170","210","230","230","190","190","180","180","180","200","230","220","200","180","170"
"71191","2020/10/11 09:25","230","230","170","160","140","150","140","150","220","200","160","160","130","120","130","170","190","190","130","130","130"
"71231","2020/10/11 09:25","240","240","210","190","190","170","170","210","230","230","200","190","190","190","190","210","220","210","190","190","180"
"71251","2020/10/11 09:25","250","240","170","160","150","150","140","170","220","200","170","180","150","130","130","170","220","220","150","130","130"
"71266","2020/10/11 09:25","260","250","200","190","190","180","170","200","240","240","190","190","190","190","190","220","240","230","190","190","180"
"71291","2020/10/11 09:25","270","260","210","190","180","170","170","220","250","240","200","190","180","170","170","220","240","240","190","180","160"
"72061","2020/10/11 09:25","260","260","190","190","180","170","170","230","240","230","190","180","180","170","160","210","230","220","170","180","160"
"72086","2020/10/11 09:25","240","240","220","200","200","180","180","220","220","220","200","200","180","170","170","200","210","210","190","180","170"
"72111","2020/10/11 09:25","240","240","210","190","180","170","170","220","220","220","190","180","180","170","170","210","230","220","190","180","170"
"72121","2020/10/11 09:25","240","250","200","170","170","150","150","210","230","220","190","180","150","150","150","190","220","210","170","160","150"
"72146","2020/10/11 09:25","240","240","200","190","170","170","170","220","220","220","190","190","170","170","170","210","220","210","170","170","160"
"72161","2020/10/11 09:25","240","240","200","170","160","150","140","200","230","220","180","180","150","140","150","200","220","210","150","140","140"
"73001","2020/10/11 09:25","240","240","180","170","160","160","150","200","230","230","190","170","150","140","130","190","220","230","160","150","150"
"73076","2020/10/11 09:25","230","230","190","180","180","170","170","210","220","220","190","180","160","150","150","200","220","210","170","160","170"
"73126","2020/10/11 09:25","220","230","200","180","180","170","170","200","210","210","190","180","170","150","150","200","220","210","170","150","160"
"73141","2020/10/11 09:25","240","240","190","160","170","150","150","200","230","220","190","160","160","160","160","210","230","220","160","150","150"
"73151","2020/10/11 09:25","230","240","190","170","170","160","160","210","220","220","180","170","170","170","170","210","220","220","160","160","160"
"73166","2020/10/11 09:25","250","240","210","190","190","180","180","210","230","220","200","190","180","170","170","210","230","220","190","180","170"
"73256","2020/10/11 09:25","230","230","210","190","180","160","160","200","210","200","200","190","190","170","160","200","210","190","170","180","180"
"73276","2020/10/11 09:25","230","220","160","150","140","140","140","170","220","200","150","150","130","110","110","170","210","190","130","120","110"
"73306","2020/10/11 09:25","260","260","200","190","180","160","160","200","240","220","190","190","170","140","140","200","230","220","170","150","150"
"73341","2020/10/11 09:25","230","230","190","190","190","180","180","210","230","220","190","180","180","170","170","210","220","210","170","180","180"
"73406","2020/10/11 09:25","250","240","190","170","160","150","160","200","230","220","180","170","160","130","130","190","220","210","160","140","130"
"73442","2020/10/11 09:25","270","260","210","180","170","180","170","210","250","230","200","190","180","160","150","210","240","230","180","170","160"
"73446","2020/10/11 09:25","250","250","190","170","160","160","160","200","240","230","190","170","160","140","130","180","220","210","150","150","140"
"73516","2020/10/11 09:25","270","260","200","180","160","150","160","210","250","240","200","180","180","170","160","210","240","240","190","170","170"
"74056","2020/10/11 09:25","220","220","150","150","150","120","130","150","190","190","160","160","150","130","120","160","200","190","130","120","120"
"74071","2020/10/11 09:25","240","240","170","160","150","140","140","180","220","190","160","160","150","140","140","190","220","210","150","140","140"
"74136","2020/10/11 09:25","260","260","200","180","170","160","160","200","250","240","180","180","170","160","150","200","230","230","180","170","160"
"74181","2020/10/11 09:25","270","270","220","200","180","170","170","220","260","250","220","190","190","180","170","220","250","230","200","200","180"
"74187","2020/10/11 09:25","260","250","220","200","190","180","180","230","260","250","220","190","190","180","170","220","240","230","190","190","180"
"74271","2020/10/11 09:25","260","270","220","210","200","190","190","230","250","250","220","210","200","190","190","210","230","230","200","190","180"
"74296","2020/10/11 09:25","240","240","180","170","140","150","150","170","220","220","160","140","140","130","120","160","210","200","150","130","120"
"74311","2020/10/11 09:25","270","260","220","200","170","160","180","230","250","240","210","170","180","170","160","210","230","220","180","180","160"
"74361","2020/10/11 09:25","270","260","200","180","160","160","170","210","250","240","180","160","160","150","130","180","240","240","170","150","130"
"74372","2020/10/11 09:25","250","240","190","190","190","190","180","210","240","230","200","200","190","180","180","210","230","230","180","180","180"
"74381","2020/10/11 09:25","260","260","190","170","170","170","170","200","240","230","180","170","170","160","160","180","220","230","160","150","150"
"74436","2020/10/11 09:25","270","270","200","190","180","170","170","220","260","250","180","170","180","170","170","200","240","240","180","180","170"
"74447","2020/10/11 09:25","260","260","210","180","170","170","170","210","250","250","200","180","180","170","170","200","230","230","180","180","170"
"74456","2020/10/11 09:25","270","270","220","180","170","170","170","210","250","240","190","180","170","170","160","190","250","250","190","180","160"
"74516","2020/10/11 09:25","270","260","210","210","210","200","190","230","250","250","220","200","200","200","190","230","240","240","200","200","200"
"82046","2020/10/11 09:25","230","230","190","180","170","170","180","200","220","220","180","160","130","120","120","200","220","210","170","160","150"
"82056","2020/10/11 09:25","230","230","190","190","180","170","180","200","220","220","180","170","150","140","140","200","220","220","180","170","170"
"82101","2020/10/11 09:25","250","240","190","180","180","180","180","210","240","230","180","160","150","140","130","210","230","220","190","170","160"
"82136","2020/10/11 09:25","240","220","200","180","170","170","170","200","230","230","190","170","140","130","120","180","230","220","180","160","150"
"82171","2020/10/11 09:25","230","230","200","180","170","180","180","200","210","210","180","160","150","140","130","200","230","230","180","170","170"
"82182","2020/10/11 09:25","240","240","200","190","180","180","180","200","220","210","180","170","170","160","150","210","240","230","190","180","180"
"82191","2020/10/11 09:25","240","230","200","190","180","170","190","200","210","210","190","170","150","150","140","200","240","230","190","160","160"
"82206","2020/10/11 09:25","240","240","190","180","160","160","170","200","220","220","180","160","150","130","120","190","220","220","170","140","140"
"82261","2020/10/11 09:25","240","240","190","180","180","180","170","210","220","230","180","160","150","130","120","190","220","220","180","160","150"
"82306","2020/10/11 09:25","250","250","210","190","190","180","190","210","230","230","190","180","170","150","140","210","230","230","190","180","170"
"82317","2020/10/11 09:25","240","240","190","170","160","160","160","200","220","230","170","160","140","120","110","190","210","220","170","160","150"
"82361","2020/10/11 09:25","250","250","200","190","180","180","180","210","240","240","180","170","150","150","130","200","230","230","190","170","150"
"83021","2020/10/11 09:25","250","250","190","180","160","170","170","210","240","230","180","170","160","160","140","200","230","230","180","170","170"
"83051","2020/10/11 09:25","240","240","190","180","180","170","170","210","230","230","180","170","160","150","150","210","220","220","190","180","160"
"83061","2020/10/11 09:25","230","230","200","180","170","170","180","210","220","220","180","170","160","150","140","200","210","220","190","170","160"
"83106","2020/10/11 09:25","230","230","190","170","170","160","160","200","230","210","180","150","140","130","120","170","210","200","170","150","140"
"83121","2020/10/11 09:25","240","240","200","190","190","180","170","210","230","230","190","170","170","160","140","200","220","220","190","170","170"
"83137","2020/10/11 09:25","240","240","210","180","180","180","170","190","220","220","190","170","150","120","120","180","220","230","200","160","150"
"83191","2020/10/11 09:25","220","230","170","160","160","150","150","180","210","210","160","140","120","90","90","150","190","200","160","130","120"
"83201","2020/10/11 09:25","220","220","170","160","150","130","140","170","210","210","170","140","120","110","100","150","190","190","160","140","120"
"83216","2020/10/11 09:25","250","240","210","200","190","170","160","190","230","210","190","190","180","180","160","200","220","220","200","200","190"
"83341","2020/10/11 09:25","240","250","190","170","160","150","150","180","230","220","180","160","140","130","120","180","230","230","180","160","140"
"83371","2020/10/11 09:25","230","230","190","170","160","150","150","190","220","210","180","160","140","120","100","170","210","220","180","150","130"
"83401","2020/10/11 09:25","240","230","200","190","180","170","170","200","220","220","190","180","170","160","140","210","230","230","190","180","170"
"83431","2020/10/11 09:25","240","240","180","160","140","140","140","170","220","210","170","150","130","110","100","160","220","220","160","140","120"
"83476","2020/10/11 09:25","250","250","200","200","190","180","180","210","230","230","190","190","190","170","170","210","240","240","190","190","180"
"84012","2020/10/11 09:25","190","190","160","160","170","170","170","180","210","200","160","170","170","170","160","180","210","200","160","160","160"
"84072","2020/10/11 09:25","210","210","170","160","150","160","160","190","220","220","170","150","150","160","150","180","220","210","160","150","150"
"84121","2020/10/11 09:25","220","210","170","170","170","170","170","190","210","200","170","160","150","150","160","200","220","210","170","160","150"
"84171","2020/10/11 09:25","220","220","180","170","180","180","180","190","220","220","170","170","160","160","160","210","240","230","170","170","170"
"84183","2020/10/11 09:25","220","220","190","180","180","180","180","200","220","220","180","170","160","170","150","220","240","240","190","180","170"
"84266","2020/10/11 09:25","240","240","200","200","190","190","180","210","220","220","190","180","170","170","160","200","240","230","190","190","180"
"84341","2020/10/11 09:25","230","230","200","190","180","180","180","210","230","230","190","180","170","170","170","210","220","220","180","180","170"
"84356","2020/10/11 09:25","240","240","190","180","170","170","170","200","220","230","180","170","160","160","160","200","220","220","180","170","170"
"84496","2020/10/11 09:25","240","240","210","190","180","180","190","210","230","240","190","180","170","160","160","200","230","230","200","190","170"
"84519","2020/10/11 09:25","230","200","160","150","140","140","150","180","210","210","140","130","130","120","110","160","190","190","130","130","120"
"84523","2020/10/11 09:25","240","240","200","190","190","180","180","220","230","240","190","170","180","170","160","210","210","210","190","180","180"
"84536","2020/10/11 09:25","230","230","190","170","170","160","160","200","220","220","180","160","150","150","160","210","230","210","160","160","160"
"84561","2020/10/11 09:25","260","250","200","180","170","170","180","220","250","240","180","170","160","150","140","210","240","230","180","170","160"
"84596","2020/10/11 09:25","230","240","180","170","170","170","180","200","230","230","170","160","160","170","160","200","220","230","180","170","170"
"85033","2020/10/11 09:25","230","230","190","190","180","180","190","200","220","220","180","170","160","160","160","210","230","230","180","180","170"
"85116","2020/10/11 09:25","230","220","190","180","170","180","170","200","220","220","180","170","150","150","130","190","220","220","180","170","160"
"85142","2020/10/11 09:25","240","240","210","190","190","180","180","210","230","230","190","180","170","150","140","200","230","230","190","180","170"
"85161","2020/10/11 09:25","240","230","190","180","160","160","170","200","220","230","180","160","140","140","130","190","230","230","180","150","140"
"85166","2020/10/11 09:25","250","240","210","190","180","170","180","210","230","230","190","180","150","150","130","200","230","240","190","170","150"
"86006","2020/10/11 09:25","240","240","190","170","160","160","160","200","220","230","170","150","130","120","110","180","210","210","170","150","130"
"86066","2020/10/11 09:25","230","220","170","160","150","150","150","170","210","210","160","150","120","90","90","150","180","190","150","130","110"
"86086","2020/10/11 09:25","260","270","210","190","180","170","180","220","260","260","190","170","160","150","140","200","230","240","190","170","150"
"86101","2020/10/11 09:25","260","260","200","190","180","170","170","210","240","250","180","170","150","120","110","190","220","230","190","170","140"
"86111","2020/10/11 09:25","230","230","180","160","150","150","160","180","210","200","160","150","120","90","90","160","190","190","150","130","110"
"86141","2020/10/11 09:25","240","250","210","190","190","180","180","210","230","220","180","170","170","150","140","200","220","230","190","170","160"
"86157","2020/10/11 09:25","230","240","190","170","150","150","160","180","220","220","180","160","130","100","90","160","190","200","160","140","120"
"86161","2020/10/11 09:25","210","220","180","160","150","150","160","180","200","210","170","150","120","100","100","130","170","180","160","140","110"
"86216","2020/10/11 09:25","230","240","210","190","190","180","180","210","230","230","190","170","180","170","160","210","210","220","190","180","170"
"86236","2020/10/11 09:25","250","250","210","190","180","170","170","210","230","240","200","170","150","140","120","180","220","230","190","160","140"
"86271","2020/10/11 09:25","240","240","200","190","180","180","190","220","240","230","190","170","170","160","150","210","210","220","190","180","170"
"86316","2020/10/11 09:25","230","230","200","180","170","170","180","210","230","230","180","150","150","140","150","210","230","230","180","170","160"
"86336","2020/10/11 09:25","250","250","210","190","180","180","180","210","240","240","200","170","160","140","130","190","230","230","190","170","150"
"86451","2020/10/11 09:25","240","240","200","190","180","180","180","210","240","240","190","170","160","150","140","190","200","210","190","170","160"
"86467","2020/10/11 09:25","270","250","200","190","190","180","180","200","240","240","200","180","160","140","130","150","230","240","200","180","160"
"86477","2020/10/11 09:25","260","260","210","190","190","170","180","210","250","240","210","180","160","130","120","130","210","230","200","180","140"
"86491","2020/10/11 09:25","240","250","210","200","190","190","190","220","250","250","190","170","170","170","170","210","230","240","200","190","180"
"87041","2020/10/11 09:25","250","250","200","170","150","150","150","190","220","220","180","160","140","120","110","140","200","210","180","150","130"
"87066","2020/10/11 09:25","250","250","200","190","180","180","180","210","230","230","190","180","180","160","150","200","230","230","190","180","180"
"87071","2020/10/11 09:25","230","230","180","160","150","140","150","190","210","210","170","150","120","100","80","120","170","190","140","120","100"
"87141","2020/10/11 09:25","260","250","210","190","180","180","170","200","240","240","200","190","180","160","140","180","240","240","200","190","160"
"87181","2020/10/11 09:25","270","270","210","180","180","170","170","210","240","240","210","180","180","160","140","170","210","220","200","170","160"
"87206","2020/10/11 09:25","270","250","210","190","180","160","160","200","240","230","200","190","170","150","120","120","210","220","180","160","140"
"87231","2020/10/11 09:25","280","260","220","210","190","170","170","210","260","250","200","190","180","160","140","150","220","230","190","170","160"
"87293","2020/10/11 09:25","260","250","200","190","190","170","170","220","240","240","200","180","180","170","160","190","220","220","190","170","160"
"87301","2020/10/11 09:25","270","260","210","200","180","170","170","200","240","240","200","180","170","150","130","170","220","230","190","170","150"
"87331","2020/10/11 09:25","260","260","210","210","200","180","170","220","250","250","210","200","190","170","160","210","230","240","190","170","160"
"87352","2020/10/11 09:25","270","250","210","200","190","180","170","210","240","240","200","180","180","180","160","190","230","230","200","190","170"
"87376","2020/10/11 09:25","270","250","220","210","210","190","180","210","250","240","220","210","200","190","180","210","230","230","210","190","180"
"87406","2020/10/11 09:25","260","250","210","200","190","180","170","220","250","240","210","200","190","190","180","210","230","220","190","180","170"
"87426","2020/10/11 09:25","270","270","220","210","200","190","180","210","250","250","210","200","200","190","180","200","240","240","210","200","170"
"87492","2020/10/11 09:25","260","260","210","190","190","180","180","220","250","250","210","200","190","190","180","210","220","230","200","190","180"
"87501","2020/10/11 09:25","280","270","220","200","190","180","180","230","260","260","220","200","200","180","170","220","240","240","190","180","180"
"88061","2020/10/11 09:25","230","230","200","180","180","180","180","210","240","230","190","170","170","170","160","200","220","220","200","180","170"
"88081","2020/10/11 09:25","270","260","200","190","180","170","180","200","240","230","190","160","150","130","120","160","210","220","190","160","140"
"88107","2020/10/11 09:25","260","260","210","190","180","180","180","210","240","240","200","170","150","140","130","160","220","220","200","160","150"
"88131","2020/10/11 09:25","230","240","210","200","190","180","190","220","240","240","190","180","180","180","180","220","230","240","200","190","190"
"88151","2020/10/11 09:25","270","260","210","190","180","180","180","210","250","240","200","170","160","140","140","180","240","240","200","170","150"
"88261","2020/10/11 09:25","270","250","220","200","190","190","180","230","260","260","210","170","170","160","150","210","250","240","200","180","170"
"88286","2020/10/11 09:25","260","250","190","180","170","160","160","190","220","220","190","170","180","170","160","200","210","200","170","170","160"
"88317","2020/10/11 09:25","270","260","230","220","200","200","200","220","250","250","220","200","200","200","190","220","240","240","210","210","190"
"88331","2020/10/11 09:25","250","240","200","180","170","170","170","200","220","220","190","170","180","170","160","200","210","210","180","170","160"
"88371","2020/10/11 09:25","260","270","220","210","200","190","190","220","260","250","210","190","180","160","150","210","240","240","210","180","170"
"88406","2020/10/11 09:25","270","260","210","200","190","180","180","210","250","250","220","200","200","190","180","220","250","250","200","180","170"
"88432","2020/10/11 09:25","260","260","220","200","190","200","190","230","260","250","210","200","190","180","170","220","230","230","190","180","180"
"88442","2020/10/11 09:25","270","260","220","210","200","190","190","210","250","250","220","190","190","180","170","220","240","230","200","180","160"
"88447","2020/10/11 09:25","270","260","220","210","200","190","190","220","250","250","210","200","190","190","180","220","250","250","200","180","160"
"88466","2020/10/11 09:25","260","250","210","200","190","180","190","230","240","240","210","190","190","180","160","220","240","240","200","180","160"
"88486","2020/10/11 09:25","260","260","230","210","200","200","190","230","250","250","210","200","200","190","180","230","250","250","210","190","180"
"88506","2020/10/11 09:25","270","260","200","190","170","180","170","230","260","240","200","180","180","180","170","230","250","260","200","170","160"
"88536","2020/10/11 09:25","270","250","200","190","180","180","180","220","230","230","200","170","170","170","160","210","230","230","190","170","140"
"88612","2020/10/11 09:25","270","260","210","210","200","200","200","230","240","240","210","210","210","200","190","220","250","240","200","180","180"
"88666","2020/10/11 09:25","250","230","200","200","200","200","200","210","230","230","200","200","210","200","190","200","230","220","180","180","170"
"88686","2020/10/11 09:25","260","250","220","210","210","200","200","220","250","250","210","200","200","210","200","230","240","250","210","200","180"
"88706","2020/10/11 09:25","280","260","230","230","220","210","210","250","270","260","220","210","200","190","200","240","260","250","220","220","210"
"88736","2020/10/11 09:25","270","250","200","180","180","170","180","220","250","240","190","180","180","170","190","230","250","240","190","180","170"
"88836","2020/10/11 09:25","270","270","230","210","210","200","200","230","240","230","200","200","190","190","200","240","270","260","230","230","230"
"88901","2020/10/11 09:25","280","270","230","220","220","210","210","240","250","250","210","200","190","190","200","240","270","270","230","230","230"
"88956","2020/10/11 09:25","270","260","230","210","210","210","200","240","270","260","200","190","190","190","190","240","270","260","220","220","230"
"88971","2020/10/11 09:25","280","270","230","220","220","220","210","240","270","260","210","210","210","210","210","240","280","270","230","230","230"
"91011","2020/10/11 09:25","280","280","240","230","230","220","210","250","260","250","230","210","210","210","200","240","270","270","230","220","230"
"91021","2020/10/11 09:25","270","270","220","210","210","200","200","240","250","240","200","190","180","180","180","220","240","250","200","200","200"
"91107","2020/10/11 09:25","290","270","250","240","230","230","220","260","280","260","240","230","210","190","200","240","260","250","220","220","220"
"91146","2020/10/11 09:25","290","280","250","230","230","230","230","260","280","290","230","210","200","200","200","250","280","270","230","230","220"
"91166","2020/10/11 09:25","280","280","240","230","230","230","220","250","270","260","220","220","200","200","210","230","250","260","220","210","220"
"91181","2020/10/11 09:25","270","260","220","220","210","220","210","240","260","250","210","210","190","190","190","230","250","250","210","210","200"
"91197","2020/10/11 09:25","280","270","250","240","240","240","230","260","270","260","240","240","210","210","210","240","270","260","230","220","220"
"91241","2020/10/11 09:25","270","270","230","220","220","220","220","240","270","260","220","210","190","190","180","230","260","250","200","200","200"
"92011","2020/10/11 09:25","290","290","240","230","210","200","200","250","290","280","230","220","210","200","200","250","280","280","240","230","220"
"93041","2020/10/11 09:25","270","270","250","250","250","240","240","260","270","270","250","250","240","240","230","250","280","280","240","220","220"
"94001","2020/10/11 09:25","280","270","250","250","240","240","240","270","280","270","250","250","240","240","240","260","280","280","240","230","220"
"94017","2020/10/11 09:25","290","280","250","250","240","240","240","270","300","280","260","250","240","230","240","270","290","280","250","240","230"
"94062","2020/10/11 09:25","290","290","250","250","240","230","230","260","290","280","250","240","240","240","240","260","280","280","250","230","230"
"94081","2020/10/11 09:25","300","290","260","260","250","250","250","280","280","280","260","260","250","240","230","270","290","290","250","230","220"
"94101","2020/10/11 09:25","290","280","250","240","240","230","230","270","280","280","250","240","240","230","230","260","290","280","240","230","220"
"94116","2020/10/11 09:25","290","300","250","240","240","230","230","270","300","300","250","240","240","240","230","260","290","290","240","230","230"